Date,Open,High,Low,Close,Adj Close,Volume
2019-10-15,12.239999771118164,12.300000190734863,12.050000190734863,12.069999694824219,11.38239860534668,5434685
2019-10-16,12.09000015258789,12.09000015258789,12.020000457763672,12.069999694824219,11.38239860534668,2640660
2019-10-17,12.029999732971191,12.079999923706055,12.029999732971191,12.069999694824219,11.38239860534668,1851490
2019-10-18,12.039999961853027,12.09000015258789,12.029999732971191,12.079999923706055,11.391829490661621,1464370
2019-10-22,12.050000190734863,12.199999809265137,12.050000190734863,12.09000015258789,11.401260375976562,386820
2019-10-23,12.0600004196167,12.199999809265137,12.0600004196167,12.1899995803833,11.495562553405762,582685
2019-10-24,12.199999809265137,12.3100004196167,12.100000381469727,12.3100004196167,11.60872745513916,1200510
2019-10-25,12.039999961853027,12.600000381469727,12.039999961853027,12.359999656677246,11.655878067016602,539870
2019-10-27,12.350000381469727,12.600000381469727,12.140000343322754,12.380000114440918,11.674738883972168,13955
2019-10-29,12.460000038146973,12.600000381469727,12.199999809265137,12.350000381469727,11.646448135375977,938530
2019-10-30,12.600000381469727,12.600000381469727,12.199999809265137,12.579999923706055,11.863346099853516,20915
2019-10-31,12.600000381469727,12.609999656677246,12.239999771118164,12.550000190734863,11.835055351257324,2466065
2019-11-01,12.600000381469727,12.989999771118164,12.270000457763672,12.789999961853027,12.061383247375488,210240
2019-11-04,13.0,13.300000190734863,12.399999618530273,12.890000343322754,12.155686378479004,687045
2019-11-05,13.1899995803833,14.680000305175781,12.65999984741211,13.970000267028809,13.174160957336426,161370
2019-11-06,14.550000190734863,16.760000228881836,14.5,16.459999084472656,15.522310256958008,2344965
2019-11-07,17.219999313354492,18.899999618530273,15.399999618530273,16.1299991607666,15.211109161376953,3342735
2019-11-08,16.200000762939453,16.799999237060547,14.399999618530273,14.859999656677246,14.013458251953125,817745
2019-11-11,14.859999656677246,15.600000381469727,14.5,14.779999732971191,13.938016891479492,261485
2019-11-13,15.0,15.0,13.600000381469727,13.739999771118164,12.957262992858887,543270
2019-11-14,13.539999961853027,14.0,12.800000190734863,13.279999732971191,12.523468017578125,1042245
2019-11-15,13.989999771118164,14.010000228881836,13.229999542236328,13.460000038146973,12.693215370178223,92905
2019-11-18,13.800000190734863,13.800000190734863,13.100000381469727,13.149999618530273,12.400873184204102,63740
2019-11-19,13.100000381469727,13.739999771118164,13.0,13.539999961853027,12.768657684326172,377600
2019-11-20,13.979999542236328,14.15999984741211,13.399999618530273,13.829999923706055,13.042136192321777,616385
2019-11-21,13.829999923706055,14.100000381469727,13.399999618530273,13.779999732971191,12.99498462677002,578820
2019-11-22,14.380000114440918,14.399999618530273,13.600000381469727,14.170000076293945,13.362767219543457,261075
2019-11-25,14.399999618530273,14.5600004196167,13.800000190734863,14.180000305175781,13.372197151184082,190225
2019-11-26,14.380000114440918,14.380000114440918,13.640000343322754,13.789999961853027,13.004414558410645,43105
2019-11-27,13.800000190734863,14.0,13.600000381469727,13.949999809265137,13.15530014038086,112440
2019-11-28,14.399999618530273,14.5600004196167,13.600000381469727,14.079999923706055,13.277894020080566,208130
2019-11-29,14.359999656677246,14.359999656677246,13.699999809265137,14.050000190734863,13.249603271484375,66750
2019-12-02,13.600000381469727,14.020000457763672,13.600000381469727,13.710000038146973,12.928972244262695,35430
2019-12-03,13.699999809265137,13.9399995803833,13.5,13.5,12.730935096740723,56425
2019-12-04,13.609999656677246,14.399999618530273,13.5,14.180000305175781,13.372197151184082,255240
2019-12-05,14.199999809265137,14.399999618530273,14.100000381469727,14.319999694824219,13.50422191619873,98175
2019-12-06,14.329999923706055,14.399999618530273,14.0,14.359999656677246,13.54194164276123,51795
2019-12-09,14.399999618530273,17.170000076293945,14.390000343322754,16.989999771118164,16.022117614746094,1786745
2019-12-10,17.399999618530273,19.0,15.630000114440918,15.989999771118164,15.079086303710938,3516565
2019-12-11,15.84000015258789,15.850000381469727,13.850000381469727,14.260000228881836,13.447640419006348,561955
2019-12-12,13.84000015258789,15.760000228881836,13.220000267028809,15.3100004196167,14.437824249267578,715710
2019-12-13,15.989999771118164,17.360000610351562,15.600000381469727,16.979999542236328,16.0126895904541,1649640
2019-12-16,16.700000762939453,18.760000228881836,16.700000762939453,18.34000015258789,17.295211791992188,1552690
2019-12-17,18.700000762939453,20.200000762939453,18.530000686645508,18.969999313354492,17.889320373535156,3314335
2019-12-18,19.489999771118164,20.399999618530273,18.860000610351562,19.079999923706055,17.993057250976562,1970425
2019-12-19,19.389999389648438,19.469999313354492,15.890000343322754,17.100000381469727,16.125852584838867,1230855
2019-12-20,17.479999542236328,18.0,17.0,17.350000381469727,16.361608505249023,370335
2019-12-23,17.350000381469727,17.350000381469727,16.399999618530273,16.950000762939453,15.984397888183594,155120
2019-12-24,17.559999465942383,17.559999465942383,17.0,17.09000015258789,16.11642074584961,124950
2019-12-26,17.389999389648438,17.979999542236328,16.799999237060547,17.440000534057617,16.446483612060547,245230
2019-12-27,17.8799991607666,17.899999618530273,17.420000076293945,17.610000610351562,16.60679817199707,462210
2019-12-30,18.0,18.93000030517578,17.6200008392334,17.850000381469727,16.8331241607666,955085
2019-12-31,18.34000015258789,18.34000015258789,17.399999618530273,17.59000015258789,16.587936401367188,572875
2020-01-01,17.950000762939453,18.0,17.34000015258789,17.489999771118164,16.493633270263672,437660
2020-01-02,17.68000030517578,17.850000381469727,17.200000762939453,17.360000610351562,16.37104034423828,417840
2020-01-03,17.329999923706055,17.459999084472656,17.0,17.049999237060547,16.078699111938477,320165
2020-01-06,17.15999984741211,17.440000534057617,16.200000762939453,16.90999984741211,15.946674346923828,351250
2020-01-07,17.739999771118164,18.079999923706055,17.18000030517578,17.31999969482422,16.33332061767578,591225
2020-01-08,17.020000457763672,17.59000015258789,16.950000762939453,17.5,16.503063201904297,481435
2020-01-09,17.479999542236328,18.799999237060547,17.459999084472656,18.049999237060547,17.021732330322266,1031840
2020-01-10,18.059999465942383,18.440000534057617,17.780000686645508,17.84000015258789,16.823694229125977,555375
2020-01-13,18.190000534057617,18.579999923706055,17.84000015258789,18.030000686645508,17.002872467041016,644110
2020-01-14,18.15999984741211,18.399999618530273,17.979999542236328,18.239999771118164,17.200908660888672,696410
2020-01-15,18.3700008392334,18.399999618530273,17.700000762939453,17.90999984741211,16.88970947265625,514715
2020-01-16,18.030000686645508,18.299999237060547,17.799999237060547,17.920000076293945,16.899139404296875,580035
2020-01-17,18.06999969482422,18.389999389648438,17.459999084472656,17.68000030517578,16.67281150817871,834360
2020-01-20,17.739999771118164,18.100000381469727,17.559999465942383,17.860000610351562,16.84255599975586,573340
2020-01-21,17.989999771118164,17.989999771118164,17.389999389648438,17.579999923706055,16.578508377075195,573740
2020-01-22,17.780000686645508,17.899999618530273,17.389999389648438,17.43000030517578,16.437053680419922,528780
2020-01-23,17.489999771118164,17.690000534057617,17.020000457763672,17.219999313354492,16.239015579223633,638815
2020-01-24,17.3700008392334,18.059999465942383,16.399999618530273,16.809999465942383,15.852373123168945,724195
2020-01-27,16.790000915527344,17.0,16.610000610351562,16.700000762939453,15.748639106750488,430445
2020-01-28,16.90999984741211,17.190000534057617,16.719999313354492,16.81999969482422,15.861802101135254,415405
2020-01-29,17.190000534057617,17.190000534057617,16.420000076293945,16.600000381469727,15.654335021972656,386900
2020-01-30,16.690000534057617,16.84000015258789,16.209999084472656,16.360000610351562,15.428008079528809,224145
2020-01-31,16.510000228881836,16.780000686645508,15.119999885559082,16.209999084472656,15.286552429199219,193640
2020-02-03,16.190000534057617,16.389999389648438,13.270000457763672,14.359999656677246,13.54194164276123,165720
2020-02-04,14.649999618530273,17.200000762939453,13.300000190734863,15.539999961853027,14.654722213745117,157870
2020-02-05,15.539999961853027,16.399999618530273,15.539999961853027,16.100000381469727,15.182819366455078,214535
2020-02-06,16.420000076293945,16.59000015258789,15.199999809265137,15.9399995803833,15.031933784484863,81645
2020-02-07,16.200000762939453,16.25,15.569999694824219,15.729999542236328,14.833897590637207,51575
2020-02-10,15.800000190734863,15.960000038146973,14.399999618530273,15.210000038146973,14.343521118164062,22975
2020-02-11,15.670000076293945,15.779999732971191,14.59000015258789,14.880000114440918,14.032320976257324,78945
2020-02-12,15.470000267028809,15.5,14.800000190734863,15.0600004196167,14.202066421508789,26115
2020-02-13,15.0600004196167,15.449999809265137,14.65999984741211,15.079999923706055,14.220926284790039,39190
2020-02-14,14.649999618530273,15.170000076293945,14.270000457763672,14.75,13.9097261428833,31370
2020-02-17,15.359999656677246,16.799999237060547,15.350000381469727,15.710000038146973,14.81503677368164,160140
2020-02-18,15.180000305175781,15.600000381469727,15.020000457763672,15.220000267028809,14.352951049804688,22740
2020-02-19,15.40999984741211,15.600000381469727,14.399999618530273,14.869999885559082,14.022890090942383,40865
2020-02-20,15.579999923706055,15.579999923706055,13.600000381469727,14.430000305175781,13.607955932617188,18800
2020-02-24,14.0,14.800000190734863,14.0,14.520000457763672,13.692829132080078,31455
2020-02-25,14.600000381469727,15.329999923706055,14.479999542236328,14.729999542236328,13.890865325927734,27015
2020-02-26,14.710000038146973,14.970000267028809,14.020000457763672,14.350000381469727,13.532512664794922,38700
2020-02-27,14.199999809265137,15.199999809265137,14.0,14.300000190734863,13.485361099243164,18305
2020-02-28,14.109999656677246,14.109999656677246,13.0,13.720000267028809,12.938403129577637,47485
2020-03-02,14.0,14.359999656677246,13.020000457763672,13.449999809265137,12.683784484863281,37855
2020-03-03,13.75,13.779999732971191,13.199999809265137,13.289999961853027,12.532898902893066,26725
2020-03-04,13.850000381469727,13.850000381469727,11.420000076293945,12.479999542236328,11.76904296875,39975
2020-03-05,12.479999542236328,12.8100004196167,12.0,12.649999618530273,11.92935848236084,32425
2020-03-06,12.59000015258789,12.600000381469727,11.170000076293945,12.329999923706055,11.62758731842041,43520
2020-03-09,12.0,12.600000381469727,11.399999618530273,12.289999961853027,11.589866638183594,613460
2020-03-11,12.289999961853027,12.899999618530273,12.029999732971191,12.609999656677246,11.891636848449707,20310
2020-03-12,11.800000190734863,12.399999618530273,11.579999923706055,12.199999809265137,11.504992485046387,604890
2020-03-13,11.800000190734863,12.210000038146973,11.029999732971191,12.140000343322754,11.44841194152832,105490
2020-03-16,12.140000343322754,12.199999809265137,11.319999694824219,12.09000015258789,11.401260375976562,366345
2020-03-17,12.0,12.489999771118164,11.890000343322754,11.920000076293945,11.240944862365723,153530
2020-03-18,12.050000190734863,12.359999656677246,11.0,12.069999694824219,11.38239860534668,54990
2020-03-19,11.229999542236328,12.069999694824219,11.199999809265137,11.979999542236328,11.297526359558105,126275
2020-03-20,12.09000015258789,12.600000381469727,11.8100004196167,12.399999618530273,11.693599700927734,17990
2020-03-23,12.0,14.0,11.0,12.010000228881836,11.325818061828613,16510
2020-03-24,12.15999984741211,12.489999771118164,11.800000190734863,12.0600004196167,11.372969627380371,12765
2020-03-25,12.0600004196167,12.199999809265137,11.470000267028809,12.1899995803833,11.495562553405762,8460
2020-03-26,11.609999656677246,13.0,11.609999656677246,12.130000114440918,11.438981056213379,23650
2020-03-27,14.0,14.0,10.260000228881836,12.479999542236328,11.76904296875,93590
2020-03-30,12.010000228881836,13.180000305175781,12.010000228881836,12.649999618530273,11.92935848236084,40405
2020-03-31,13.569999694824219,14.399999618530273,12.3100004196167,12.8100004196167,12.080244064331055,70490
2020-04-01,13.0,13.0,12.5,12.949999809265137,12.21226692199707,7225
2020-04-03,13.0,13.600000381469727,12.609999656677246,13.170000076293945,12.419734954833984,11845
2020-04-07,13.170000076293945,13.199999809265137,12.199999809265137,12.619999885559082,11.901066780090332,24210
2020-04-08,12.960000038146973,13.100000381469727,12.510000228881836,12.970000267028809,12.23112964630127,12200
2020-04-09,13.1899995803833,13.239999771118164,12.8100004196167,13.0,12.259418487548828,17355
2020-04-13,13.170000076293945,13.170000076293945,12.800000190734863,12.890000343322754,12.155686378479004,6750
2020-04-15,13.0,13.09000015258789,12.399999618530273,12.649999618530273,11.92935848236084,18075
2020-04-16,12.970000267028809,12.970000267028809,12.779999732971191,12.920000076293945,12.183977127075195,5255
2020-04-17,13.989999771118164,13.989999771118164,13.0,13.100000381469727,12.35372257232666,27340
2020-04-20,13.100000381469727,13.130000114440918,12.90999984741211,12.920000076293945,12.183977127075195,274860
2020-04-21,13.1899995803833,13.399999618530273,12.600000381469727,13.149999618530273,12.400873184204102,217080
2020-04-22,13.239999771118164,13.239999771118164,12.819999694824219,12.9399995803833,12.202836990356445,4370
2020-04-23,12.949999809265137,13.15999984741211,12.600000381469727,12.739999771118164,12.01423168182373,541430
2020-04-24,12.699999809265137,13.039999961853027,12.399999618530273,12.890000343322754,12.155686378479004,18600
2020-04-27,13.15999984741211,13.15999984741211,12.699999809265137,13.020000457763672,12.278281211853027,2760
2020-04-28,13.0,13.0,12.729999542236328,12.739999771118164,12.01423168182373,2635
2020-04-29,12.739999771118164,12.90999984741211,12.510000228881836,12.609999656677246,11.891636848449707,36235
2020-04-30,13.039999961853027,13.039999961853027,12.609999656677246,12.680000305175781,11.957649230957031,35795
2020-05-04,12.699999809265137,12.760000228881836,12.210000038146973,12.579999923706055,11.863346099853516,43970
2020-05-05,12.569999694824219,12.739999771118164,12.399999618530273,12.550000190734863,11.835055351257324,24105
2020-05-06,12.609999656677246,12.739999771118164,12.199999809265137,12.460000038146973,11.750182151794434,37810
2020-05-07,12.390000343322754,12.649999618530273,12.199999809265137,12.4399995803833,11.731321334838867,23135
2020-05-08,12.59000015258789,12.699999809265137,12.399999618530273,12.600000381469727,11.882206916809082,18095
2020-05-11,12.800000190734863,12.979999542236328,12.4399995803833,12.760000228881836,12.03309154510498,49695
2020-05-12,13.0,13.539999961853027,12.600000381469727,13.4399995803833,12.67435359954834,80395
2020-05-13,13.800000190734863,14.199999809265137,12.649999618530273,12.960000038146973,12.221698760986328,101340
2020-05-14,12.8100004196167,13.779999732971191,12.600000381469727,13.09000015258789,12.344292640686035,52445
2020-05-15,13.260000228881836,13.260000228881836,12.819999694824219,13.100000381469727,12.35372257232666,30615
2020-05-18,13.0,13.170000076293945,12.399999618530273,12.609999656677246,11.891636848449707,25550
2020-05-19,12.949999809265137,12.949999809265137,12.600000381469727,12.649999618530273,11.92935848236084,43150
2020-05-20,12.600000381469727,12.850000381469727,12.4399995803833,12.489999771118164,11.778473854064941,30030
2020-05-21,12.600000381469727,12.960000038146973,12.600000381469727,12.779999732971191,12.051952362060547,7110
2020-05-22,12.600000381469727,13.0,12.600000381469727,12.869999885559082,12.136825561523438,5565
2020-05-26,12.710000038146973,13.300000190734863,12.600000381469727,12.600000381469727,11.882206916809082,6150
2020-05-27,12.670000076293945,14.979999542236328,12.619999885559082,14.210000038146973,13.400487899780273,218620
2020-05-28,14.34000015258789,14.600000381469727,13.699999809265137,14.100000381469727,13.29675579071045,107775
2020-05-29,14.09000015258789,14.09000015258789,13.529999732971191,13.630000114440918,12.85352897644043,112390
2020-06-01,13.710000038146973,15.600000381469727,13.15999984741211,14.65999984741211,13.82485294342041,376785
2020-06-02,14.600000381469727,15.34000015258789,14.050000190734863,15.300000190734863,14.428394317626953,130105
2020-06-03,15.699999809265137,16.600000381469727,15.0,15.720000267028809,14.824466705322266,430140
2020-06-04,15.649999618530273,16.579999923706055,15.100000381469727,15.4399995803833,14.560418128967285,110310
2020-06-05,15.619999885559082,16.600000381469727,15.420000076293945,15.65999984741211,14.767885208129883,167835
2020-06-08,16.079999923706055,16.100000381469727,15.319999694824219,15.460000038146973,14.579279899597168,55555
2020-06-09,15.300000190734863,15.75,14.800000190734863,14.970000267028809,14.117193222045898,60925
2020-06-10,14.800000190734863,15.579999923706055,14.680000305175781,15.350000381469727,14.475544929504395,47415
2020-06-11,15.600000381469727,17.200000762939453,15.100000381469727,15.970000267028809,15.060225486755371,568430
2020-06-12,14.390000343322754,15.800000190734863,14.390000343322754,15.430000305175781,14.550989151000977,95315
2020-06-15,15.199999809265137,15.529999732971191,15.0,15.300000190734863,14.428394317626953,17690
2020-06-16,15.600000381469727,16.0,15.100000381469727,15.670000076293945,14.777316093444824,219220
2020-06-17,15.729999542236328,15.829999923706055,15.4399995803833,15.609999656677246,14.720734596252441,15230
2020-06-18,15.960000038146973,15.960000038146973,15.449999809265137,15.770000457763672,14.87161922454834,199900
2020-06-19,15.8100004196167,16.0,15.449999809265137,15.6899995803833,14.796175956726074,152360
2020-06-22,16.200000762939453,16.200000762939453,15.050000190734863,15.460000038146973,14.579279899597168,49995
2020-06-23,15.399999618530273,16.850000381469727,15.279999732971191,16.489999771118164,15.550602912902832,178655
2020-06-24,16.799999237060547,16.920000076293945,15.25,15.609999656677246,14.720734596252441,160225
2020-06-25,15.960000038146973,15.960000038146973,15.140000343322754,15.300000190734863,14.428394317626953,122400
2020-06-26,15.649999618530273,15.899999618530273,15.34000015258789,15.510000228881836,14.626431465148926,29530
2020-06-29,15.880000114440918,16.0,15.420000076293945,15.869999885559082,14.965921401977539,66235
2020-06-30,15.859999656677246,16.860000610351562,15.600000381469727,15.75,14.852758407592773,191085
2020-07-01,16.0,16.399999618530273,15.8100004196167,16.260000228881836,15.333703994750977,113795
2020-07-02,16.489999771118164,16.579999923706055,15.600000381469727,16.200000762939453,15.27712345123291,99140
2020-07-03,16.010000228881836,16.59000015258789,15.869999885559082,16.469999313354492,15.53174114227295,60915
2020-07-06,16.309999465942383,16.799999237060547,15.899999618530273,16.68000030517578,15.729778289794922,128530
2020-07-07,16.799999237060547,17.010000228881836,16.40999984741211,16.809999465942383,15.852373123168945,142630
2020-07-08,16.600000381469727,16.959999084472656,16.600000381469727,16.770000457763672,15.814651489257812,114360
2020-07-09,16.760000228881836,17.040000915527344,16.68000030517578,16.809999465942383,15.852373123168945,93420
2020-07-10,16.950000762939453,16.959999084472656,16.420000076293945,16.8700008392334,15.908955574035645,96885
2020-07-13,16.709999084472656,16.709999084472656,16.200000762939453,16.270000457763672,15.343133926391602,32760
2020-07-14,16.309999465942383,16.940000534057617,15.930000305175781,16.559999465942383,15.61661434173584,149185
2020-07-15,16.639999389648438,16.639999389648438,16.0,16.209999084472656,15.286552429199219,167065
2020-07-16,16.350000381469727,16.360000610351562,15.630000114440918,15.979999542236328,15.069655418395996,99495
2020-07-17,16.149999618530273,16.559999465942383,16.0,16.31999969482422,15.390286445617676,68350
2020-07-20,16.389999389648438,16.559999465942383,16.040000915527344,16.229999542236328,15.305413246154785,44735
2020-07-21,16.600000381469727,16.799999237060547,16.209999084472656,16.610000610351562,15.663766860961914,45110
2020-07-22,16.780000686645508,17.100000381469727,16.5,16.780000686645508,15.824080467224121,78320
2020-07-23,16.93000030517578,17.040000915527344,16.809999465942383,16.989999771118164,16.022117614746094,75175
2020-07-24,16.799999237060547,16.989999771118164,16.270000457763672,16.739999771118164,15.786358833312988,55675
2020-07-27,16.739999771118164,16.790000915527344,16.479999542236328,16.700000762939453,15.748639106750488,32520
2020-07-28,16.600000381469727,17.0,16.559999465942383,16.700000762939453,15.748639106750488,58725
2020-07-29,16.81999969482422,16.81999969482422,16.420000076293945,16.459999084472656,15.522310256958008,28235
2020-07-30,16.690000534057617,17.09000015258789,16.399999618530273,16.940000534057617,15.974967956542969,42155
2020-07-31,16.799999237060547,17.079999923706055,16.600000381469727,16.8700008392334,15.908955574035645,13035
2020-08-03,16.700000762939453,17.06999969482422,16.280000686645508,16.600000381469727,15.654335021972656,10860
2020-08-04,16.709999084472656,16.790000915527344,16.399999618530273,16.670000076293945,15.72034740447998,34885
2020-08-05,17.1299991607666,17.1299991607666,16.200000762939453,16.459999084472656,15.522310256958008,31930
2020-08-06,16.459999084472656,16.799999237060547,16.31999969482422,16.639999389648438,15.692055702209473,16055
2020-08-07,16.969999313354492,16.969999313354492,16.309999465942383,16.510000228881836,15.569462776184082,13300
2020-08-10,16.75,17.170000076293945,16.43000030517578,16.790000915527344,15.833512306213379,32145
2020-08-11,17.600000381469727,19.0,17.299999237060547,17.40999984741211,16.418190002441406,328500
2020-08-12,17.40999984741211,18.18000030517578,17.40999984741211,17.56999969482422,16.569076538085938,25695
2020-08-13,17.979999542236328,18.0,17.299999237060547,17.399999618530273,16.40876007080078,29080
2020-08-14,17.959999084472656,17.959999084472656,17.209999084472656,17.450000762939453,16.455913543701172,90235
2020-08-17,17.889999389648438,17.969999313354492,17.059999465942383,17.200000762939453,16.220155715942383,20605
2020-08-18,17.649999618530273,17.850000381469727,17.209999084472656,17.559999465942383,16.559646606445312,34375
2020-08-19,17.799999237060547,17.799999237060547,17.350000381469727,17.540000915527344,16.540786743164062,65110
2020-08-20,17.399999618530273,17.799999237060547,16.799999237060547,17.350000381469727,16.361608505249023,11600
2020-08-21,17.989999771118164,17.989999771118164,17.43000030517578,17.889999389648438,16.870847702026367,72820
2020-08-24,18.3799991607666,18.3799991607666,17.600000381469727,17.770000457763672,16.75768280029297,120050
2020-08-25,17.989999771118164,18.1200008392334,17.600000381469727,17.829999923706055,16.81426429748535,41380
2020-08-26,18.170000076293945,18.18000030517578,17.65999984741211,17.729999542236328,16.719961166381836,38920
2020-08-27,17.799999237060547,19.8799991607666,17.549999237060547,19.540000915527344,18.42685317993164,571330
2020-08-28,19.760000228881836,20.399999618530273,18.399999618530273,18.760000228881836,17.6912841796875,698995
2020-08-31,18.780000686645508,19.360000610351562,17.0,17.239999771118164,16.257875442504883,110920
2020-09-01,17.25,18.200000762939453,16.639999389648438,18.06999969482422,17.04059410095215,90640
2020-09-02,18.149999618530273,18.979999542236328,17.200000762939453,18.170000076293945,17.134897232055664,211805
2020-09-03,18.600000381469727,18.600000381469727,17.399999618530273,18.170000076293945,17.134897232055664,22630
2020-09-04,18.209999084472656,18.399999618530273,17.600000381469727,17.829999923706055,16.81426429748535,91160
2020-09-07,18.329999923706055,18.350000381469727,17.600000381469727,17.6299991607666,16.62565803527832,76780
2020-09-08,18.0,18.190000534057617,17.600000381469727,17.8799991607666,16.86141586303711,20365
2020-09-09,18.18000030517578,18.190000534057617,17.600000381469727,17.690000534057617,16.682239532470703,10300
2020-09-10,18.149999618530273,18.579999923706055,17.799999237060547,18.469999313354492,17.417804718017578,149650
2020-09-11,18.700000762939453,18.760000228881836,18.0,18.59000015258789,17.53097152709961,176255
2020-09-14,18.59000015258789,18.950000762939453,18.0,18.280000686645508,17.238632202148438,28010
2020-09-15,18.469999313354492,18.860000610351562,18.399999618530273,18.610000610351562,17.54983139038086,126385
2020-09-16,18.700000762939453,18.899999618530273,18.399999618530273,18.65999984741211,17.596981048583984,90065
2020-09-17,18.610000610351562,19.260000228881836,18.600000381469727,19.190000534057617,18.096790313720703,114185
2020-09-18,19.309999465942383,19.700000762939453,18.719999313354492,19.270000457763672,18.172231674194336,189690
2020-09-21,19.889999389648438,20.239999771118164,17.18000030517578,19.899999618530273,18.766342163085938,223045
2020-09-22,20.200000762939453,20.600000381469727,19.31999969482422,19.760000228881836,18.63431739807129,35010
2020-09-23,19.989999771118164,20.200000762939453,18.389999389648438,19.479999542236328,18.370267868041992,31820
2020-09-24,19.790000915527344,20.100000381469727,19.299999237060547,19.540000915527344,18.42685317993164,10490
2020-09-25,19.8799991607666,20.399999618530273,19.399999618530273,20.030000686645508,18.888938903808594,23930
2020-09-28,19.93000030517578,20.600000381469727,19.530000686645508,19.829999923706055,18.700328826904297,17110
2020-09-29,20.0,20.200000762939453,19.799999237060547,19.969999313354492,18.832353591918945,42545
2020-09-30,20.3700008392334,20.3700008392334,20.0,20.020000457763672,18.879507064819336,26250
2020-10-01,20.110000610351562,20.889999389648438,19.799999237060547,20.6299991607666,19.454755783081055,160340
2020-10-05,20.790000915527344,22.559999465942383,20.40999984741211,21.149999618530273,19.945133209228516,160450
2020-10-06,21.170000076293945,21.600000381469727,20.799999237060547,20.959999084472656,19.76595687866211,77570
2020-10-07,20.989999771118164,21.139999389648438,20.799999237060547,21.049999237060547,19.850828170776367,28555
2020-10-08,21.059999465942383,21.579999923706055,20.799999237060547,21.360000610351562,20.143171310424805,82865
2020-10-09,21.799999237060547,22.329999923706055,21.309999465942383,21.469999313354492,20.24690055847168,60770
2020-10-12,22.329999923706055,22.329999923706055,21.200000762939453,21.389999389648438,20.171459197998047,120730
2020-10-13,21.59000015258789,22.68000030517578,21.59000015258789,21.850000381469727,20.605257034301758,434790
2020-10-14,22.399999618530273,22.399999618530273,21.600000381469727,22.030000686645508,20.775001525878906,80720
2020-10-15,22.170000076293945,22.170000076293945,21.600000381469727,21.75,20.51095199584961,150625
2020-10-16,21.200000762939453,22.190000534057617,21.200000762939453,21.93000030517578,20.68069839477539,133860
2020-10-19,22.170000076293945,22.18000030517578,21.899999618530273,22.1299991607666,20.869304656982422,60215
2020-10-20,21.809999465942383,25.809999465942383,21.799999237060547,23.18000030517578,21.859487533569336,560855
2020-10-21,23.139999389648438,23.3700008392334,22.100000381469727,22.940000534057617,21.633159637451172,1271065
2020-10-22,22.809999465942383,23.3700008392334,22.399999618530273,22.84000015258789,21.53885841369629,70010
2020-10-23,22.809999465942383,23.440000534057617,22.610000610351562,22.860000610351562,21.557720184326172,47830
2020-10-26,22.610000610351562,22.969999313354492,22.200000762939453,22.3799991607666,21.105060577392578,41150
2020-10-27,22.399999618530273,23.200000762939453,22.219999313354492,22.399999618530273,21.12392234802246,46680
2020-10-28,22.399999618530273,23.799999237060547,22.229999542236328,22.760000228881836,21.463415145874023,93680
2020-10-29,22.799999237060547,23.799999237060547,22.600000381469727,23.270000457763672,21.944360733032227,113995
2020-10-30,23.799999237060547,23.799999237060547,23.270000457763672,23.3700008392334,22.038665771484375,40320
2020-11-02,24.0,24.0,23.0,23.350000381469727,22.019804000854492,111225
2020-11-03,23.209999084472656,24.0,22.850000381469727,23.139999389648438,21.821765899658203,173940
2020-11-04,23.1200008392334,23.399999618530273,22.68000030517578,23.09000015258789,21.774616241455078,100260
2020-11-05,23.010000228881836,23.389999389648438,22.6200008392334,23.030000686645508,21.718032836914062,70805
2020-11-06,23.360000610351562,23.360000610351562,22.530000686645508,22.739999771118164,21.44455337524414,51360
2020-11-09,23.100000381469727,25.959999084472656,23.100000381469727,23.329999923706055,22.00094223022461,177710
2020-11-10,23.329999923706055,23.399999618530273,23.0,23.139999389648438,21.821765899658203,44180
2020-11-11,23.079999923706055,23.209999084472656,22.799999237060547,22.899999618530273,21.595439910888672,50660
2020-11-12,23.149999618530273,23.799999237060547,22.829999923706055,23.6299991607666,22.283849716186523,57000
2020-11-13,24.020000457763672,24.020000457763672,23.100000381469727,23.3799991607666,22.048093795776367,31865
2020-11-14,24.0,24.0,23.030000686645508,23.469999313354492,22.132966995239258,19810
2020-11-17,24.0,24.0,23.0,23.8799991607666,22.519609451293945,19085
2020-11-18,23.600000381469727,23.989999771118164,23.200000762939453,23.829999923706055,22.47245979309082,136335
2020-11-19,23.790000915527344,24.399999618530273,23.40999984741211,23.549999237060547,22.20840835571289,38655
2020-11-20,23.799999237060547,23.799999237060547,22.799999237060547,23.690000534057617,22.34043312072754,61070
2020-11-23,24.989999771118164,24.989999771118164,23.25,24.030000686645508,22.66106605529785,99670
2020-11-24,24.43000030517578,24.600000381469727,23.700000762939453,24.030000686645508,22.66106605529785,36365
2020-11-25,24.350000381469727,24.600000381469727,23.75,24.15999984741211,22.783658981323242,46770
2020-11-26,24.489999771118164,26.399999618530273,24.059999465942383,25.100000381469727,23.67011070251465,221280
2020-11-27,25.559999465942383,25.559999465942383,24.610000610351562,25.0,23.575807571411133,19855
2020-12-01,25.0,25.600000381469727,24.600000381469727,24.940000534057617,23.51922607421875,27830
2020-12-02,24.940000534057617,25.299999237060547,24.600000381469727,24.969999313354492,23.547515869140625,21610
2020-12-03,24.969999313354492,25.18000030517578,24.600000381469727,24.829999923706055,23.41549301147461,29310
2020-12-04,24.81999969482422,25.200000762939453,23.440000534057617,24.209999084472656,22.830810546875,37855
2020-12-07,24.0,24.760000228881836,24.0,24.469999313354492,23.076000213623047,8965
2020-12-08,25.0,25.0,24.209999084472656,24.520000457763672,23.123151779174805,9155
2020-12-09,24.209999084472656,25.0,24.020000457763672,24.510000228881836,23.11372184753418,60675
2020-12-10,24.209999084472656,24.579999923706055,23.799999237060547,24.399999618530273,23.009984970092773,53100
2020-12-11,24.209999084472656,25.760000228881836,24.0,24.719999313354492,23.311756134033203,61700
2020-12-14,24.40999984741211,24.989999771118164,24.280000686645508,24.549999237060547,23.151439666748047,5010
2020-12-15,24.399999618530273,24.790000915527344,24.0,24.149999618530273,22.774229049682617,14745
2020-12-16,24.600000381469727,24.729999542236328,24.25,24.469999313354492,23.076000213623047,10855
2020-12-17,25.299999237060547,25.799999237060547,24.15999984741211,24.280000686645508,22.89682388305664,29560
2020-12-18,25.18000030517578,25.18000030517578,24.0,24.219999313354492,22.840240478515625,30975
2020-12-21,24.0,24.790000915527344,23.799999237060547,23.84000015258789,22.481889724731445,14245
2020-12-22,23.799999237060547,24.440000534057617,22.299999237060547,23.829999923706055,22.47245979309082,23425
2020-12-23,24.350000381469727,24.350000381469727,23.420000076293945,23.719999313354492,22.36872673034668,10030
2020-12-24,24.0,24.600000381469727,23.600000381469727,24.270000457763672,22.887393951416016,36450
2020-12-28,22.65999984741211,24.600000381469727,22.65999984741211,24.350000381469727,22.96283721923828,18960
2020-12-29,23.6200008392334,24.450000762939453,23.6200008392334,24.079999923706055,22.708215713500977,16660
2020-12-30,24.010000228881836,24.459999084472656,23.809999465942383,24.010000228881836,22.6422061920166,21645
2020-12-31,24.010000228881836,24.40999984741211,23.799999237060547,24.209999084472656,22.830810546875,8645
2021-01-01,24.579999923706055,24.579999923706055,24.0,24.100000381469727,22.72707748413086,23295
2021-01-04,24.399999618530273,24.690000534057617,24.0,24.280000686645508,22.89682388305664,7000
2021-01-05,24.75,24.899999618530273,23.809999465942383,24.030000686645508,22.66106605529785,75185
2021-01-06,24.010000228881836,24.829999923706055,23.799999237060547,23.889999389648438,22.529041290283203,29955
2021-01-07,25.309999465942383,25.309999465942383,23.81999969482422,24.389999389648438,23.00055503845215,51210
2021-01-08,24.049999237060547,24.979999542236328,24.049999237060547,24.510000228881836,23.11372184753418,83100
2021-01-11,24.530000686645508,24.649999618530273,24.0,24.56999969482422,23.170303344726562,119815
2021-01-12,24.799999237060547,24.799999237060547,24.010000228881836,24.690000534057617,23.283466339111328,67430
2021-01-13,24.209999084472656,25.0,24.200000762939453,24.65999984741211,23.25517463684082,77115
2021-01-14,24.209999084472656,24.989999771118164,24.209999084472656,24.360000610351562,22.972267150878906,111710
2021-01-15,24.34000015258789,24.979999542236328,24.0,24.170000076293945,22.7930908203125,90690
2021-01-18,24.600000381469727,24.989999771118164,24.030000686645508,24.31999969482422,22.934545516967773,57805
2021-01-19,25.649999618530273,28.799999237060547,25.329999923706055,26.200000762939453,24.70744514465332,1601430
2021-01-20,26.399999618530273,26.959999084472656,25.799999237060547,26.34000015258789,24.83946990966797,187370
2021-01-21,25.239999771118164,26.649999618530273,25.200000762939453,25.65999984741211,24.198205947875977,112915
2021-01-22,25.600000381469727,26.799999237060547,25.450000762939453,25.59000015258789,24.1321964263916,38390
2021-01-25,25.989999771118164,25.989999771118164,25.209999084472656,25.59000015258789,24.1321964263916,44280
2021-01-27,26.350000381469727,26.350000381469727,25.0,25.549999237060547,24.094472885131836,32655
2021-01-28,25.600000381469727,26.239999771118164,25.200000762939453,25.440000534057617,23.990741729736328,35690
2021-01-29,25.610000610351562,29.979999542236328,25.399999618530273,26.25,24.754596710205078,100890
2021-02-01,25.809999465942383,26.3799991607666,25.399999618530273,25.899999618530273,24.42453384399414,10450
2021-02-02,26.649999618530273,26.65999984741211,25.450000762939453,25.790000915527344,24.320804595947266,15525
2021-02-03,25.790000915527344,26.59000015258789,25.399999618530273,26.270000457763672,24.77345848083496,15340
2021-02-04,26.290000915527344,26.399999618530273,25.639999389648438,26.049999237060547,24.565990447998047,9495
2021-02-05,26.049999237060547,27.600000381469727,25.649999618530273,26.90999984741211,25.376998901367188,48035
2021-02-08,27.600000381469727,28.649999618530273,27.0,28.06999969482422,26.470914840698242,719400
2021-02-09,28.06999969482422,30.0,27.0,29.979999542236328,28.272106170654297,936775
2021-02-10,29.979999542236328,30.0,27.399999618530273,29.3700008392334,27.696857452392578,1129200
2021-02-11,29.18000030517578,29.399999618530273,28.399999618530273,28.8700008392334,27.225341796875,1310130
2021-02-12,28.600000381469727,28.600000381469727,26.829999923706055,27.479999542236328,25.914525985717773,321145
2021-02-15,27.399999618530273,28.600000381469727,25.59000015258789,27.170000076293945,25.6221866607666,553110
2021-02-16,26.959999084472656,27.0,25.260000228881836,26.290000915527344,24.792320251464844,282800
2021-02-17,26.100000381469727,27.200000762939453,25.3700008392334,26.81999969482422,25.292125701904297,621235
2021-02-18,27.100000381469727,28.399999618530273,25.670000076293945,26.25,24.754596710205078,246960
2021-02-19,26.899999618530273,27.600000381469727,26.0,27.040000915527344,25.499595642089844,319345
2021-02-22,27.0,28.299999237060547,26.850000381469727,28.110000610351562,26.508636474609375,972215
2021-02-23,29.0,29.0,26.780000686645508,27.6299991607666,26.055978775024414,654515
2021-02-24,27.579999923706055,27.579999923706055,26.0,26.84000015258789,25.31098747253418,310285
2021-02-25,27.389999389648438,27.389999389648438,26.389999389648438,27.079999923706055,25.537315368652344,773590
2021-02-26,26.799999237060547,27.469999313354492,26.399999618530273,26.770000457763672,25.24497413635254,421670
2021-03-01,26.969999313354492,27.389999389648438,26.360000610351562,26.950000762939453,25.414718627929688,681305
2021-03-02,26.780000686645508,26.950000762939453,24.649999618530273,25.649999618530273,24.18877410888672,1452805
2021-03-03,25.6200008392334,26.040000915527344,23.100000381469727,23.700000762939453,22.34986686706543,510700
2021-03-04,23.600000381469727,24.959999084472656,22.860000610351562,24.110000610351562,22.736509323120117,557845
2021-03-05,24.760000228881836,25.860000610351562,23.25,24.959999084472656,23.5380859375,841000
2021-03-08,25.600000381469727,25.799999237060547,24.559999465942383,25.389999389648438,23.943586349487305,633535
2021-03-09,25.68000030517578,26.0,24.479999542236328,25.170000076293945,23.736122131347656,428110
2021-03-10,25.399999618530273,25.799999237060547,24.200000762939453,25.1200008392334,23.68897247314453,1070470
2021-03-12,25.600000381469727,25.600000381469727,24.649999618530273,25.1200008392334,23.68897247314453,621450
2021-03-15,25.59000015258789,25.59000015258789,23.399999618530273,24.040000915527344,22.670495986938477,602745
2021-03-16,24.020000457763672,28.84000015258789,24.020000457763672,28.3700008392334,26.753826141357422,1860005
2021-03-17,28.34000015258789,33.939998626708984,27.209999084472656,32.38999938964844,30.544815063476562,1930590
2021-03-18,32.20000076293945,32.959999084472656,26.1299991607666,27.809999465942383,26.225727081298828,1149965
2021-03-19,28.579999923706055,29.979999542236328,26.979999542236328,27.81999969482422,26.235157012939453,151900
2021-03-22,28.3799991607666,28.3799991607666,26.389999389648438,26.860000610351562,25.32984733581543,68160
2021-03-23,26.969999313354492,28.0,26.040000915527344,26.850000381469727,25.320415496826172,139310
2021-03-24,26.780000686645508,26.809999465942383,25.489999771118164,25.93000030517578,24.452829360961914,35765
2021-03-25,26.0,29.989999771118164,25.0,25.5,24.047321319580078,649965
2021-03-26,26.440000534057617,27.799999237060547,24.3700008392334,24.770000457763672,23.358909606933594,481010
2021-03-30,26.790000915527344,26.940000534057617,24.799999237060547,25.219999313354492,23.783273696899414,380150
2021-03-31,25.239999771118164,26.65999984741211,23.399999618530273,23.690000534057617,22.34043312072754,943730
2021-04-01,24.309999465942383,25.540000915527344,23.989999771118164,24.520000457763672,23.123151779174805,466485
2021-04-05,24.979999542236328,25.200000762939453,23.600000381469727,24.190000534057617,22.811952590942383,118930
2021-04-06,24.399999618530273,24.770000457763672,22.799999237060547,23.31999969482422,21.991512298583984,173785
2021-04-07,23.200000762939453,23.700000762939453,22.889999389648438,22.979999542236328,21.670881271362305,454850
2021-04-08,22.8700008392334,23.5,22.459999084472656,23.010000228881836,21.699172973632812,202595
2021-04-09,22.940000534057617,24.3700008392334,22.8799991607666,23.93000030517578,22.566761016845703,275590
2021-04-12,23.940000534057617,24.389999389648438,22.6200008392334,24.010000228881836,22.6422061920166,184055
2021-04-13,24.049999237060547,25.270000457763672,23.399999618530273,24.399999618530273,23.009984970092773,236370
2021-04-15,24.700000762939453,24.700000762939453,23.200000762939453,24.1200008392334,22.745939254760742,235670
2021-04-16,24.170000076293945,25.399999618530273,23.309999465942383,24.81999969482422,23.406063079833984,390400
2021-04-19,23.600000381469727,24.549999237060547,23.600000381469727,23.959999084472656,22.59505271911621,53080
2021-04-20,25.790000915527344,25.790000915527344,23.09000015258789,23.979999542236328,22.61391258239746,199125
2021-04-22,23.860000610351562,24.690000534057617,22.920000076293945,23.190000534057617,21.86891746520996,188345
2021-04-23,23.18000030517578,24.0,21.40999984741211,22.139999389648438,20.878732681274414,369140
2021-04-26,22.139999389648438,22.950000762939453,22.0,22.3700008392334,21.095632553100586,210920
2021-04-27,22.530000686645508,22.579999923706055,20.690000534057617,21.200000762939453,19.992284774780273,196240
2021-04-28,21.75,22.43000030517578,21.200000762939453,22.030000686645508,20.775001525878906,369860
2021-04-29,22.579999923706055,22.899999618530273,21.739999771118164,22.700000762939453,21.406831741333008,379525
2021-04-30,22.950000762939453,24.049999237060547,22.190000534057617,23.0,21.689743041992188,425030
2021-05-03,23.0,27.0,22.790000915527344,25.59000015258789,24.1321964263916,3935445
2021-05-04,26.600000381469727,27.229999542236328,24.40999984741211,25.399999618530273,23.953018188476562,1314270
2021-05-05,24.8700008392334,26.389999389648438,24.389999389648438,25.280000686645508,23.83985710144043,720760
2021-05-06,25.0,25.559999465942383,24.65999984741211,25.34000015258789,23.89643669128418,413770
2021-05-07,25.799999237060547,25.799999237060547,24.1299991607666,24.90999984741211,23.49093246459961,610720
2021-05-10,25.760000228881836,25.959999084472656,24.350000381469727,24.940000534057617,23.51922607421875,1769565
2021-05-11,25.0,25.610000610351562,24.719999313354492,25.15999984741211,23.72669219970703,323945
2021-05-12,25.399999618530273,25.540000915527344,24.600000381469727,24.959999084472656,23.5380859375,288285
2021-05-14,25.170000076293945,25.389999389648438,24.440000534057617,24.950000762939453,23.528656005859375,482135
2021-05-17,25.399999618530273,27.079999923706055,25.100000381469727,26.459999084472656,24.9526309967041,1490825
2021-05-18,26.959999084472656,27.979999542236328,26.40999984741211,27.540000915527344,25.971111297607422,719720
2021-05-19,27.790000915527344,28.239999771118164,26.3799991607666,26.690000534057617,25.169532775878906,1579585
2021-05-20,26.520000457763672,26.68000030517578,25.8700008392334,26.549999237060547,25.037506103515625,141165
2021-05-21,26.579999923706055,27.520000457763672,26.200000762939453,26.530000686645508,25.018648147583008,705800
2021-05-24,26.899999618530273,27.719999313354492,26.209999084472656,26.56999969482422,25.056367874145508,1150685
2021-05-25,27.5,28.34000015258789,27.399999618530273,27.709999084472656,26.13142204284668,1514880
2021-05-26,28.229999542236328,31.799999237060547,27.75,30.81999969482422,29.064254760742188,3252405
2021-05-27,31.399999618530273,31.59000015258789,29.43000030517578,29.899999618530273,28.196664810180664,1851475
2021-05-28,30.440000534057617,30.440000534057617,28.68000030517578,29.1299991607666,27.470529556274414,608895
2021-05-31,29.979999542236328,32.0,29.610000610351562,29.75,28.05521011352539,685455
2021-06-01,29.989999771118164,30.399999618530273,28.399999618530273,29.5,27.8194522857666,848735
2021-06-02,29.399999618530273,29.600000381469727,28.649999618530273,29.15999984741211,27.498823165893555,798905
2021-06-03,29.489999771118164,29.670000076293945,28.059999465942383,28.860000610351562,27.215911865234375,923180
2021-06-04,29.200000762939453,29.799999237060547,28.440000534057617,28.899999618530273,27.253633499145508,1046745
2021-06-07,29.079999923706055,29.799999237060547,28.989999771118164,29.40999984741211,27.73457908630371,1534805
2021-06-08,29.420000076293945,30.280000686645508,28.829999923706055,29.479999542236328,27.80059242248535,2079855
2021-06-09,29.479999542236328,30.920000076293945,29.25,29.68000030517578,27.98919677734375,1557905
2021-06-10,30.020000457763672,32.97999954223633,29.18000030517578,31.8799991607666,30.063867568969727,2249500
2021-06-11,31.899999618530273,32.849998474121094,31.100000381469727,31.81999969482422,30.007287979125977,1141455
2021-06-14,33.380001068115234,33.779998779296875,30.93000030517578,31.270000457763672,29.488618850708008,3527305
2021-06-15,31.799999237060547,31.989999771118164,30.809999465942383,31.049999237060547,29.281150817871094,2165090
2021-06-16,31.239999771118164,31.950000762939453,30.799999237060547,31.09000015258789,29.318872451782227,1581425
2021-06-17,30.899999618530273,30.959999084472656,29.399999618530273,29.90999984741211,28.206096649169922,854450
2021-06-18,29.889999389648438,31.290000915527344,28.81999969482422,30.8700008392334,29.111408233642578,996735
2021-06-21,30.489999771118164,31.299999237060547,30.239999771118164,30.969999313354492,29.20570945739746,1152455
2021-06-22,30.969999313354492,31.389999389648438,29.850000381469727,30.739999771118164,28.988811492919922,1805660
2021-06-23,30.260000228881836,30.959999084472656,30.149999618530273,30.260000228881836,28.536157608032227,1152730
2021-06-24,30.760000228881836,30.889999389648438,30.059999465942383,30.190000534057617,28.470144271850586,1601195
2021-06-25,30.219999313354492,30.530000686645508,29.700000762939453,29.850000381469727,28.14951515197754,2884170
2021-06-28,30.0,30.450000762939453,29.399999618530273,29.68000030517578,27.98919677734375,3725470
2021-06-29,30.0,30.3799991607666,29.139999389648438,29.3799991607666,27.706287384033203,1696470
2021-06-30,29.690000534057617,31.43000030517578,28.860000610351562,30.799999237060547,29.045392990112305,1885005
2021-07-01,32.02000045776367,32.400001525878906,29.190000534057617,29.520000457763672,27.83831214904785,5422950
2021-07-02,29.700000762939453,30.0,28.920000076293945,29.299999237060547,27.63084602355957,3415565
2021-07-05,29.450000762939453,29.989999771118164,28.739999771118164,29.049999237060547,27.39508628845215,2242855
2021-07-06,29.040000915527344,29.520000457763672,28.5,28.760000228881836,27.12160873413086,1923980
2021-07-07,28.729999542236328,29.170000076293945,28.469999313354492,28.790000915527344,27.149900436401367,709865
2021-07-08,29.049999237060547,29.889999389648438,28.690000534057617,28.729999542236328,27.09331512451172,2148355
2021-07-09,28.950000762939453,30.399999618530273,28.700000762939453,30.040000915527344,28.328689575195312,1754570
2021-07-12,31.0,31.200000762939453,29.190000534057617,29.290000915527344,27.621416091918945,2779620
2021-07-13,29.3799991607666,29.850000381469727,28.209999084472656,28.56999969482422,26.94243049621582,3806545
2021-07-14,28.6200008392334,29.0,28.40999984741211,28.6200008392334,26.98958396911621,632875
2021-07-15,28.799999237060547,29.059999465942383,28.299999237060547,28.770000457763672,27.131038665771484,1330850
2021-07-16,28.639999389648438,29.299999237060547,28.260000228881836,28.600000381469727,26.970722198486328,2867445
2021-07-19,28.790000915527344,29.5,28.360000610351562,29.360000610351562,27.687429428100586,4363565
2021-07-20,29.600000381469727,30.200000762939453,28.559999465942383,29.90999984741211,28.206096649169922,1797855
2021-07-22,30.0,30.389999389648438,29.43000030517578,29.81999969482422,28.121219635009766,1238600
2021-07-23,30.0,30.399999618530273,29.440000534057617,29.989999771118164,28.281538009643555,1150135
2021-07-26,30.25,30.520000457763672,29.719999313354492,29.809999465942383,28.111791610717773,2267765
2021-07-27,30.15999984741211,30.43000030517578,29.1200008392334,30.219999313354492,28.49843406677246,1262145
2021-07-28,30.399999618530273,30.399999618530273,29.1299991607666,29.860000610351562,28.158945083618164,1932045
2021-07-29,30.100000381469727,30.1200008392334,29.1299991607666,29.940000534057617,28.234386444091797,1187555
2021-07-30,29.940000534057617,29.940000534057617,29.200000762939453,29.309999465942383,27.640275955200195,311185
2021-08-02,29.399999618530273,30.170000076293945,29.170000076293945,29.8700008392334,28.16837501525879,851880
2021-08-03,30.0,30.200000762939453,29.639999389648438,29.940000534057617,28.234386444091797,793925
2021-08-04,30.049999237060547,30.049999237060547,28.8700008392334,29.299999237060547,27.63084602355957,1131425
2021-08-05,29.540000915527344,29.59000015258789,28.579999923706055,29.3799991607666,27.706287384033203,573335
2021-08-06,29.299999237060547,29.649999618530273,29.0,29.290000915527344,27.621416091918945,495480
2021-08-09,29.850000381469727,30.18000030517578,29.399999618530273,29.739999771118164,28.045780181884766,620710
2021-08-10,30.0,30.799999237060547,29.59000015258789,30.329999923706055,28.6021671295166,1866790
2021-08-11,30.940000534057617,31.520000457763672,29.8799991607666,31.1200008392334,29.347166061401367,3428560
2021-08-12,31.200000762939453,31.399999618530273,30.309999465942383,31.209999084472656,29.432037353515625,861635
2021-08-13,31.0,31.780000686645508,30.219999313354492,30.59000015258789,28.84735870361328,1259960
2021-08-16,30.209999084472656,32.099998474121094,29.670000076293945,31.200000762939453,29.422607421875,3039025
2021-08-17,32.65999984741211,32.7599983215332,30.700000762939453,31.079999923706055,29.309444427490234,3850675
2021-08-18,30.8799991607666,31.440000534057617,30.219999313354492,30.8799991607666,29.12083625793457,2286990
2021-08-20,30.59000015258789,31.079999923706055,30.229999542236328,30.93000030517578,29.167985916137695,1072110
2021-08-23,31.5,31.5,30.290000915527344,30.979999542236328,29.215139389038086,986065
2021-08-24,31.149999618530273,31.8700008392334,30.25,31.639999389648438,29.837539672851562,1228910
2021-08-25,31.600000381469727,32.380001068115234,31.1299991607666,32.099998474121094,30.271333694458008,1394355
2021-08-26,32.18000030517578,32.72999954223633,31.010000228881836,31.15999984741211,29.384885787963867,835590
2021-08-27,31.040000915527344,31.239999771118164,30.600000381469727,30.940000534057617,29.177417755126953,503320
2021-08-30,31.010000228881836,31.389999389648438,30.56999969482422,30.799999237060547,29.045392990112305,612870
2021-08-31,30.969999313354492,30.969999313354492,29.65999984741211,30.030000686645508,28.319259643554688,359285
2021-09-01,30.18000030517578,30.510000228881836,29.59000015258789,30.299999237060547,28.573875427246094,1351055
2021-09-02,30.280000686645508,30.579999923706055,29.799999237060547,30.1200008392334,28.404132843017578,1457635
2021-09-03,30.200000762939453,30.399999618530273,29.799999237060547,30.299999237060547,28.573875427246094,440485
2021-09-06,29.90999984741211,31.100000381469727,29.780000686645508,30.40999984741211,28.6776123046875,917135
2021-09-07,30.309999465942383,30.440000534057617,29.81999969482422,29.90999984741211,28.206096649169922,250740
2021-09-08,29.81999969482422,30.049999237060547,29.059999465942383,29.479999542236328,28.762216567993164,152540
2021-09-09,29.520000457763672,30.399999618530273,29.479999542236328,29.90999984741211,29.181747436523438,657270
2021-09-13,30.020000457763672,30.100000381469727,29.649999618530273,29.799999237060547,29.07442283630371,1071225
2021-09-14,29.799999237060547,30.020000457763672,28.709999084472656,29.75,29.02564239501953,1701590
2021-09-15,29.760000228881836,30.079999923706055,29.020000457763672,29.229999542236328,28.518301010131836,915155
2021-09-16,30.200000762939453,31.59000015258789,27.719999313354492,28.06999969482422,27.575223922729492,8706260
2021-09-17,27.950000762939453,28.200000762939453,26.799999237060547,27.1299991607666,26.651790618896484,1585960
2021-09-20,26.729999542236328,28.040000915527344,25.8700008392334,27.610000610351562,27.12333106994629,1363890
2021-09-21,27.600000381469727,28.260000228881836,26.809999465942383,28.030000686645508,27.535930633544922,483345
2021-09-22,28.010000228881836,28.479999542236328,27.559999465942383,28.239999771118164,27.742225646972656,460320
2021-09-23,28.3799991607666,28.950000762939453,28.170000076293945,28.579999923706055,28.07623291015625,763285
2021-09-24,28.600000381469727,29.399999618530273,28.239999771118164,28.979999542236328,28.46918296813965,984100
2021-09-27,29.0,29.700000762939453,28.700000762939453,29.030000686645508,28.51830291748047,1351635
2021-09-28,29.3700008392334,29.799999237060547,28.809999465942383,29.030000686645508,28.51830291748047,421765
2021-09-29,29.18000030517578,29.3799991607666,28.809999465942383,29.18000030517578,28.665658950805664,358200
2021-09-30,29.219999313354492,29.979999542236328,29.010000228881836,29.75,29.225610733032227,839070
2021-10-01,30.040000915527344,30.040000915527344,28.899999618530273,29.09000015258789,28.57724380493164,270485
2021-10-04,29.290000915527344,30.979999542236328,29.209999084472656,30.68000030517578,30.139217376708984,1853540
2021-10-05,30.579999923706055,31.8799991607666,30.559999465942383,31.639999389648438,31.08229637145996,1971845
2021-10-06,31.889999389648438,32.47999954223633,30.329999923706055,31.520000457763672,30.964412689208984,1440060
2021-10-07,32.0,32.15999984741211,31.010000228881836,31.530000686645508,30.97423553466797,731305
2021-10-08,31.530000686645508,32.0,30.84000015258789,31.229999542236328,30.679523468017578,481115
2021-10-11,31.780000686645508,31.780000686645508,30.030000686645508,30.350000381469727,29.81503677368164,879060
2021-10-12,30.600000381469727,30.6299991607666,29.329999923706055,29.969999313354492,29.441734313964844,1621430
2021-10-13,30.350000381469727,31.3799991607666,29.850000381469727,30.969999313354492,30.42410659790039,638580
2021-10-14,31.799999237060547,32.20000076293945,31.399999618530273,31.780000686645508,31.219829559326172,984535
2021-10-18,32.689998626708984,38.130001068115234,32.349998474121094,37.63999938964844,36.97653579711914,6434480
2021-10-19,38.79999923706055,44.0,35.0,36.29999923706055,35.66015625,9382165
2021-10-20,36.849998474121094,37.63999938964844,35.290000915527344,36.290000915527344,35.650333404541016,4713615
2021-10-21,36.0,43.54999923706055,35.150001525878906,43.54999923706055,42.78236389160156,4479264
2021-10-22,43.54999923706055,45.79999923706055,41.04999923706055,43.20000076293945,42.438533782958984,3170271
2021-10-25,40.5,42.79999923706055,39.849998474121094,40.04999923706055,39.344058990478516,5955882
2021-10-26,40.04999923706055,42.599998474121094,37.900001525878906,38.04999923706055,37.379310607910156,6199855
2021-10-27,38.20000076293945,38.79999923706055,37.04999923706055,37.45000076293945,36.789886474609375,1813739
2021-10-28,37.650001525878906,37.79999923706055,36.79999923706055,36.900001525878906,36.24958419799805,1948139
2021-10-29,36.95000076293945,38.599998474121094,35.54999923706055,36.25,35.61103820800781,1217283
2021-11-01,36.5,36.5,34.95000076293945,35.20000076293945,34.57954788208008,523892
2021-11-02,34.45000076293945,35.45000076293945,33.95000076293945,34.5,33.891883850097656,342234
2021-11-03,34.5,34.849998474121094,32.79999923706055,33.150001525878906,32.5656852722168,786115
2021-11-04,33.150001525878906,35.099998474121094,33.150001525878906,34.599998474121094,33.9901237487793,277123
2021-11-08,34.599998474121094,34.599998474121094,32.650001525878906,33.099998474121094,32.51655960083008,465383
2021-11-09,33.04999923706055,33.54999923706055,32.5,32.79999923706055,32.22184753417969,869098
2021-11-10,32.75,32.79999923706055,31.799999237060547,32.04999923706055,31.485069274902344,767788
2021-11-11,32.04999923706055,32.599998474121094,31.799999237060547,32.04999923706055,31.485069274902344,1766669
2021-11-12,32.45000076293945,32.45000076293945,31.700000762939453,32.099998474121094,31.53418731689453,2245724
2021-11-15,32.099998474121094,35.29999923706055,31.899999618530273,35.29999923706055,34.67778015136719,1670385
2021-11-16,35.75,36.349998474121094,33.79999923706055,34.79999923706055,34.18659591674805,1375452
2021-11-17,35.5,36.79999923706055,31.350000381469727,31.350000381469727,30.797409057617188,6787158
2021-11-18,31.350000381469727,32.599998474121094,30.200000762939453,30.549999237060547,30.01150894165039,2354824
2021-11-22,31.899999618530273,31.899999618530273,30.0,31.100000381469727,30.551816940307617,1289105
2021-11-23,31.100000381469727,31.450000762939453,29.850000381469727,30.100000381469727,29.569442749023438,1433188
2021-11-24,30.700000762939453,31.200000762939453,29.950000762939453,30.149999618530273,29.618560791015625,2074801
2021-11-25,30.25,31.149999618530273,29.950000762939453,30.049999237060547,29.520322799682617,2195512
2021-11-26,29.899999618530273,30.149999618530273,29.25,29.399999618530273,28.88178062438965,467922
2021-11-29,29.649999618530273,29.700000762939453,28.25,28.950000762939453,28.439712524414062,1260246
2021-11-30,28.600000381469727,30.100000381469727,28.149999618530273,29.0,28.488832473754883,1816963
2021-12-01,29.649999618530273,30.299999237060547,28.899999618530273,30.100000381469727,29.569442749023438,1131260
2021-12-02,29.950000762939453,30.299999237060547,29.600000381469727,29.75,29.225610733032227,114466
2021-12-03,29.149999618530273,30.299999237060547,29.049999237060547,29.899999618530273,29.372966766357422,367747
2021-12-06,29.850000381469727,31.149999618530273,29.200000762939453,29.5,28.980018615722656,1102004
2021-12-07,29.549999237060547,30.899999618530273,29.549999237060547,30.75,30.207984924316406,1509180
2021-12-08,31.25,32.29999923706055,30.450000762939453,31.799999237060547,31.23947525024414,2192047
2021-12-09,32.79999923706055,32.900001525878906,30.799999237060547,31.850000381469727,31.288597106933594,3705784
2021-12-10,31.700000762939453,32.45000076293945,31.149999618530273,32.25,31.68154525756836,719053
2021-12-13,32.45000076293945,33.20000076293945,30.649999618530273,30.899999618530273,30.3553409576416,2027253
2021-12-14,30.75,31.799999237060547,30.100000381469727,31.5,30.944765090942383,1207095
2021-12-15,31.299999237060547,32.400001525878906,31.0,31.799999237060547,31.23947525024414,1286145
2021-12-16,31.899999618530273,32.0,31.049999237060547,31.700000762939453,31.1412410736084,614415
2021-12-17,31.799999237060547,32.0,30.100000381469727,30.700000762939453,30.158864974975586,394295
2021-12-20,30.75,31.700000762939453,29.25,30.600000381469727,30.06062889099121,1323785
2021-12-21,30.75,31.450000762939453,28.600000381469727,29.0,28.488832473754883,2417983
2021-12-22,29.299999237060547,30.350000381469727,28.5,28.600000381469727,28.09588050842285,2358880
2021-12-23,28.75,29.100000381469727,27.899999618530273,28.049999237060547,27.55557632446289,1589954
2021-12-24,28.25,29.600000381469727,28.049999237060547,29.450000762939453,28.930898666381836,4895189
2021-12-27,29.799999237060547,30.399999618530273,27.700000762939453,28.100000381469727,27.604694366455078,10346753
2021-12-28,28.299999237060547,28.649999618530273,27.75,27.799999237060547,27.309982299804688,2084048
2021-12-29,27.899999618530273,28.100000381469727,26.899999618530273,27.0,26.524084091186523,3124030
2021-12-30,27.049999237060547,28.850000381469727,26.450000762939453,27.450000762939453,26.96615219116211,10877496
2021-12-31,27.299999237060547,28.399999618530273,27.299999237060547,28.100000381469727,27.604694366455078,1890720
2022-01-03,29.0,29.399999618530273,24.700000762939453,25.049999237060547,24.608455657958984,15383746
2022-01-04,25.450000762939453,26.75,20.200000762939453,25.399999618530273,24.952285766601562,16038940
2022-01-05,25.5,26.200000762939453,24.799999237060547,25.149999618530273,24.70669174194336,15724039
2022-01-06,25.0,27.649999618530273,24.75,27.049999237060547,26.57320213317871,13061682
2022-01-07,27.600000381469727,28.299999237060547,26.899999618530273,27.25,26.769676208496094,7483654
2022-01-10,27.5,27.700000762939453,26.950000762939453,27.049999237060547,26.57320213317871,6318155
2022-01-11,27.25,27.700000762939453,26.399999618530273,27.25,26.769676208496094,7965003
2022-01-12,27.350000381469727,27.350000381469727,24.950000762939453,25.049999237060547,24.608455657958984,12957343
2022-01-13,25.049999237060547,26.100000381469727,24.600000381469727,25.049999237060547,24.608455657958984,11757581
2022-01-14,25.0,25.600000381469727,24.799999237060547,25.0,24.559337615966797,8103393
2022-01-17,25.399999618530273,26.0,23.950000762939453,24.049999237060547,23.626081466674805,21069943
2022-01-18,24.049999237060547,25.149999618530273,23.899999618530273,25.049999237060547,24.608455657958984,11355243
2022-01-19,25.700000762939453,25.700000762939453,23.950000762939453,24.049999237060547,23.626081466674805,24374784
2022-01-20,24.100000381469727,24.799999237060547,23.899999618530273,24.049999237060547,23.626081466674805,19793638
2022-01-21,24.049999237060547,24.950000762939453,23.899999618530273,24.0,23.576963424682617,17152579
2022-01-24,24.0,24.049999237060547,22.450000762939453,23.200000762939453,22.791065216064453,7678006
2022-01-25,22.75,23.950000762939453,22.600000381469727,23.75,23.331369400024414,5643270
2022-01-27,23.700000762939453,23.700000762939453,22.75,22.950000762939453,22.54547119140625,7189900
2022-01-28,23.049999237060547,23.649999618530273,22.899999618530273,22.950000762939453,22.54547119140625,8987891
2022-01-31,23.100000381469727,24.200000762939453,22.899999618530273,24.049999237060547,23.626081466674805,8404131
2022-02-01,24.149999618530273,24.549999237060547,23.799999237060547,24.149999618530273,23.724319458007812,6628765
2022-02-02,24.100000381469727,24.299999237060547,21.350000381469727,22.0,21.61221694946289,21691560
2022-02-03,22.049999237060547,22.399999618530273,21.950000762939453,22.0,21.61221694946289,11301989
2022-02-04,22.100000381469727,22.149999618530273,21.950000762939453,22.0,21.61221694946289,8116150
2022-02-07,22.100000381469727,24.200000762939453,21.399999618530273,23.899999618530273,23.47872543334961,20964903
2022-02-08,24.200000762939453,24.5,22.799999237060547,23.200000762939453,22.791065216064453,4773723
2022-02-09,23.200000762939453,24.25,23.0,24.049999237060547,23.626081466674805,5687930
2022-02-10,24.450000762939453,25.0,24.299999237060547,24.5,24.06814956665039,6692288
2022-02-11,24.049999237060547,24.350000381469727,23.5,23.600000381469727,23.18401527404785,3664477
2022-02-14,23.0,23.100000381469727,21.899999618530273,22.100000381469727,21.7104549407959,7571791
2022-02-15,22.0,22.399999618530273,21.350000381469727,21.950000762939453,21.563098907470703,5951710
2022-02-16,22.0,23.0,21.899999618530273,22.049999237060547,21.661334991455078,6934050
2022-02-17,22.25,22.350000381469727,21.549999237060547,21.899999618530273,21.513978958129883,3726463
2022-02-18,21.850000381469727,22.200000762939453,21.399999618530273,21.450000762939453,21.071910858154297,4322079
2022-02-21,21.5,21.700000762939453,20.799999237060547,21.5,21.121030807495117,3137396
2022-02-22,20.75,20.850000381469727,20.100000381469727,20.5,20.138656616210938,2536969
2022-02-23,20.549999237060547,21.950000762939453,20.549999237060547,21.549999237060547,21.170146942138672,4567632
2022-02-24,20.299999237060547,21.0,19.399999618530273,19.649999618530273,19.303638458251953,3014363
2022-02-25,20.5,21.25,20.100000381469727,20.5,20.138656616210938,3076278
2022-02-28,20.600000381469727,21.299999237060547,20.450000762939453,21.100000381469727,20.72808074951172,11126968
2022-03-02,21.450000762939453,23.0,21.25,22.75,22.348997116088867,9302645
2022-03-03,23.399999618530273,23.899999618530273,23.149999618530273,23.450000762939453,23.036659240722656,7446466
2022-03-04,23.600000381469727,23.700000762939453,22.700000762939453,22.850000381469727,22.447235107421875,4248329
2022-03-07,22.0,22.850000381469727,21.100000381469727,22.450000762939453,22.054285049438477,3418332
2022-03-08,22.600000381469727,23.25,22.399999618530273,22.950000762939453,22.54547119140625,4417839
2022-03-09,23.049999237060547,24.100000381469727,22.950000762939453,23.399999618530273,22.987539291381836,6033067
2022-03-10,23.950000762939453,24.299999237060547,23.100000381469727,23.399999618530273,22.987539291381836,2947507
2022-03-11,23.450000762939453,24.100000381469727,23.049999237060547,23.600000381469727,23.18401527404785,3797830
2022-03-14,23.899999618530273,24.850000381469727,23.299999237060547,24.100000381469727,23.675201416015625,5740174
2022-03-15,24.399999618530273,24.450000762939453,23.100000381469727,23.299999237060547,22.889301300048828,2534636
2022-03-16,23.700000762939453,24.25,21.899999618530273,22.049999237060547,21.661334991455078,12800734
2022-03-17,22.5,23.399999618530273,21.399999618530273,21.75,21.366622924804688,21854420
2022-03-21,22.149999618530273,22.200000762939453,21.450000762939453,21.5,21.121030807495117,7300943
2022-03-22,21.649999618530273,22.149999618530273,20.850000381469727,21.0,20.629844665527344,9972877
2022-03-23,21.200000762939453,21.299999237060547,20.950000762939453,21.0,20.629844665527344,4484392
2022-03-24,21.0,21.149999618530273,20.799999237060547,20.950000762939453,20.580724716186523,1754034
2022-03-25,21.049999237060547,21.149999618530273,20.450000762939453,20.649999618530273,20.286012649536133,2010001
2022-03-28,20.75,21.200000762939453,20.200000762939453,20.600000381469727,20.236892700195312,3609291
2022-03-29,20.649999618530273,20.850000381469727,20.100000381469727,20.25,19.893064498901367,1523104
2022-03-30,20.100000381469727,20.700000762939453,20.100000381469727,20.299999237060547,19.942180633544922,1802647
2022-03-31,20.350000381469727,20.450000762939453,20.100000381469727,20.25,19.893064498901367,1316024
2022-04-01,20.25,20.850000381469727,20.0,20.75,20.38425064086914,1939162
2022-04-04,20.950000762939453,21.299999237060547,20.799999237060547,21.049999237060547,20.6789608001709,2046858
2022-04-05,21.200000762939453,21.600000381469727,20.899999618530273,21.049999237060547,20.6789608001709,3426253
2022-04-06,20.850000381469727,22.399999618530273,20.799999237060547,21.899999618530273,21.513978958129883,7495856
2022-04-07,22.049999237060547,23.100000381469727,22.049999237060547,22.399999618530273,22.005165100097656,6841497
2022-04-08,22.600000381469727,22.899999618530273,22.299999237060547,22.399999618530273,22.005165100097656,1812410
2022-04-11,22.5,22.700000762939453,22.25,22.350000381469727,21.9560489654541,1955787
2022-04-12,22.450000762939453,22.450000762939453,21.450000762939453,21.75,21.366622924804688,1630295
2022-04-13,21.850000381469727,22.25,21.600000381469727,21.649999618530273,21.26838493347168,1351232
2022-04-18,21.649999618530273,22.200000762939453,21.299999237060547,21.5,21.121030807495117,2774866
2022-04-19,21.75,22.0,21.0,21.299999237060547,20.9245548248291,1581329
2022-04-20,21.149999618530273,21.450000762939453,20.950000762939453,21.0,20.629844665527344,1333585
2022-04-21,21.100000381469727,21.899999618530273,21.100000381469727,21.649999618530273,21.26838493347168,3014962
2022-04-22,21.450000762939453,23.200000762939453,21.299999237060547,22.600000381469727,22.201641082763672,6783872
2022-04-25,22.600000381469727,23.149999618530273,22.0,22.399999618530273,22.005165100097656,3996548
2022-04-26,22.600000381469727,22.850000381469727,21.600000381469727,21.899999618530273,21.513978958129883,2632683
2022-04-27,21.799999237060547,21.899999618530273,21.100000381469727,21.25,20.875436782836914,1675020
2022-04-28,21.299999237060547,21.649999618530273,21.049999237060547,21.25,20.875436782836914,1121626
2022-04-29,21.399999618530273,21.399999618530273,21.0,21.049999237060547,20.6789608001709,1299513
2022-05-02,20.899999618530273,21.100000381469727,20.600000381469727,20.75,20.38425064086914,1252016
2022-05-04,20.850000381469727,20.899999618530273,20.25,20.399999618530273,20.04041862487793,1188331
2022-05-05,20.600000381469727,20.700000762939453,20.149999618530273,20.299999237060547,19.942180633544922,951537
2022-05-06,20.0,20.149999618530273,19.649999618530273,20.0,19.64746856689453,912254
2022-05-09,19.899999618530273,21.899999618530273,19.549999237060547,20.850000381469727,20.482486724853516,3141755
2022-05-10,21.899999618530273,21.899999618530273,20.200000762939453,20.950000762939453,20.580724716186523,3732680
2022-05-11,21.25,21.600000381469727,19.350000381469727,19.899999618530273,19.549232482910156,1863158
2022-05-12,19.950000762939453,19.950000762939453,19.200000762939453,19.399999618530273,19.058046340942383,1011759
2022-05-13,19.5,20.299999237060547,19.450000762939453,19.649999618530273,19.303638458251953,1265474
2022-05-16,20.0,20.049999237060547,19.299999237060547,19.799999237060547,19.45099449157715,780480
2022-05-17,19.950000762939453,20.450000762939453,19.950000762939453,20.299999237060547,19.942180633544922,1233824
2022-05-18,20.5,20.649999618530273,19.850000381469727,19.950000762939453,19.598352432250977,1823449
2022-05-19,19.700000762939453,19.950000762939453,19.5,19.600000381469727,19.254520416259766,1038671
2022-05-20,19.850000381469727,20.149999618530273,19.75,19.899999618530273,19.549232482910156,876802
2022-05-23,20.25,20.25,19.649999618530273,19.700000762939453,19.352758407592773,1333089
2022-05-24,19.649999618530273,19.850000381469727,18.799999237060547,19.0,18.665096282958984,1434080
2022-05-25,19.049999237060547,19.200000762939453,17.649999618530273,17.950000762939453,17.63360595703125,1638636
2022-05-26,18.149999618530273,18.299999237060547,16.75,17.549999237060547,17.24065399169922,961886
2022-05-27,17.899999618530273,18.0,17.5,17.850000381469727,17.53536605834961,547660
2022-05-30,18.25,18.399999618530273,18.049999237060547,18.149999618530273,17.830078125,467638
2022-05-31,18.299999237060547,18.799999237060547,17.850000381469727,18.399999618530273,18.075672149658203,571477
2022-06-01,18.600000381469727,18.899999618530273,18.399999618530273,18.75,18.41950225830078,465581
2022-06-02,18.899999618530273,19.399999618530273,18.700000762939453,19.049999237060547,18.714214324951172,1980733
2022-06-03,19.350000381469727,19.600000381469727,18.799999237060547,18.899999618530273,18.56686019897461,614281
2022-06-06,19.700000762939453,19.899999618530273,18.950000762939453,19.100000381469727,18.763334274291992,603110
2022-06-07,19.100000381469727,19.25,18.75,18.850000381469727,18.51774024963379,398804
2022-06-08,18.899999618530273,18.950000762939453,18.600000381469727,18.649999618530273,18.321266174316406,403368
2022-06-09,18.649999618530273,18.75,18.299999237060547,18.450000762939453,18.124792098999023,519156
2022-06-10,18.399999618530273,18.450000762939453,18.200000762939453,18.25,17.928316116333008,566551
2022-06-13,18.0,18.0,17.549999237060547,17.600000381469727,17.28977394104004,520317
2022-06-14,17.299999237060547,17.600000381469727,17.200000762939453,17.299999237060547,16.99506187438965,499549
2022-06-15,17.450000762939453,17.549999237060547,17.350000381469727,17.399999618530273,17.093297958374023,287455
2022-06-16,17.600000381469727,17.850000381469727,16.850000381469727,16.899999618530273,16.60211181640625,652520
2022-06-17,16.700000762939453,16.850000381469727,16.0,16.350000381469727,16.06180763244629,604379
2022-06-20,16.200000762939453,16.549999237060547,15.0,15.449999809265137,15.1776704788208,863480
2022-06-21,15.449999809265137,16.350000381469727,15.350000381469727,16.149999618530273,15.865330696105957,659182
2022-06-22,16.299999237060547,16.649999618530273,15.949999809265137,16.100000381469727,15.816213607788086,369446
2022-06-23,16.100000381469727,16.5,15.899999618530273,16.25,15.963568687438965,345234
2022-06-24,16.600000381469727,16.799999237060547,16.200000762939453,16.600000381469727,16.30739974975586,434778
2022-06-27,16.75,16.850000381469727,16.399999618530273,16.549999237060547,16.25827980041504,350201
2022-06-28,16.399999618530273,16.549999237060547,16.200000762939453,16.5,16.20916175842285,221870
2022-06-29,16.399999618530273,16.399999618530273,16.0,16.149999618530273,15.865330696105957,436467
2022-06-30,16.399999618530273,16.399999618530273,15.949999809265137,16.049999237060547,15.767093658447266,274970
2022-07-01,16.100000381469727,16.149999618530273,15.899999618530273,16.0,15.717975616455078,231253
2022-07-04,16.149999618530273,16.649999618530273,15.949999809265137,16.299999237060547,16.012685775756836,473654
2022-07-05,16.549999237060547,17.899999618530273,16.5,17.200000762939453,16.896825790405273,1470255
2022-07-06,17.549999237060547,17.549999237060547,16.950000762939453,17.25,16.945941925048828,518106
2022-07-07,17.25,17.5,17.049999237060547,17.200000762939453,16.896825790405273,420967
2022-07-08,17.299999237060547,17.75,16.899999618530273,17.549999237060547,17.24065399169922,773788
2022-07-11,17.799999237060547,18.350000381469727,17.600000381469727,18.149999618530273,17.830078125,698188
2022-07-12,18.399999618530273,18.549999237060547,18.149999618530273,18.25,17.928316116333008,407229
2022-07-13,18.5,18.5,17.899999618530273,18.0,17.682722091674805,317335
2022-07-14,18.100000381469727,18.200000762939453,17.549999237060547,17.700000762939453,17.388011932373047,277987
2022-07-15,17.700000762939453,17.850000381469727,17.25,17.5,17.19153594970703,307182
2022-07-18,17.649999618530273,17.649999618530273,17.399999618530273,17.5,17.19153594970703,272489
2022-07-19,17.399999618530273,17.700000762939453,17.299999237060547,17.549999237060547,17.24065399169922,266403
2022-07-20,17.600000381469727,17.950000762939453,17.549999237060547,17.649999618530273,17.338890075683594,611207
2022-07-21,17.75,18.5,17.700000762939453,18.100000381469727,17.780960083007812,813842
2022-07-22,18.399999618530273,18.450000762939453,17.899999618530273,18.100000381469727,17.780960083007812,290129
2022-07-25,18.299999237060547,18.299999237060547,17.600000381469727,17.850000381469727,17.53536605834961,349911
2022-07-26,17.700000762939453,17.950000762939453,17.450000762939453,17.549999237060547,17.24065399169922,292574
2022-07-27,17.350000381469727,17.549999237060547,17.049999237060547,17.350000381469727,17.044179916381836,351001
2022-07-28,17.149999618530273,17.75,17.149999618530273,17.450000762939453,17.142417907714844,328137
2022-07-29,17.600000381469727,17.649999618530273,17.049999237060547,17.450000762939453,17.142417907714844,488636
2022-08-01,17.700000762939453,17.899999618530273,17.25,17.700000762939453,17.388011932373047,465364
2022-08-02,17.700000762939453,17.799999237060547,17.5,17.649999618530273,17.338890075683594,512230
2022-08-03,17.700000762939453,17.799999237060547,17.5,17.549999237060547,17.24065399169922,414889
2022-08-04,17.799999237060547,17.799999237060547,17.299999237060547,17.399999618530273,17.093297958374023,383344
2022-08-05,17.549999237060547,17.549999237060547,17.25,17.450000762939453,17.142417907714844,368465
2022-08-08,17.700000762939453,17.700000762939453,17.100000381469727,17.450000762939453,17.142417907714844,284992
2022-08-10,17.700000762939453,17.700000762939453,17.0,17.25,16.945941925048828,537133
2022-08-11,17.5,17.799999237060547,17.350000381469727,17.600000381469727,17.28977394104004,466252
2022-08-12,17.600000381469727,17.799999237060547,17.350000381469727,17.399999618530273,17.093297958374023,718054
2022-08-16,17.450000762939453,17.600000381469727,17.200000762939453,17.450000762939453,17.142417907714844,560687
2022-08-17,17.450000762939453,17.649999618530273,17.299999237060547,17.5,17.19153594970703,517882
2022-08-18,17.399999618530273,17.649999618530273,17.350000381469727,17.450000762939453,17.34059715270996,595776
2022-08-19,17.450000762939453,17.549999237060547,17.200000762939453,17.25,17.141849517822266,622384
2022-08-22,17.299999237060547,17.350000381469727,16.899999618530273,17.0,16.893417358398438,569040
2022-08-23,16.950000762939453,17.100000381469727,16.899999618530273,17.049999237060547,16.943103790283203,379638
2022-08-24,17.200000762939453,17.450000762939453,17.0,17.200000762939453,17.092164993286133,346040
2022-08-25,17.25,17.399999618530273,17.100000381469727,17.149999618530273,17.042476654052734,518475
2022-08-26,17.299999237060547,17.299999237060547,17.049999237060547,17.100000381469727,16.99279022216797,458890
2022-08-29,17.0,17.100000381469727,16.649999618530273,16.950000762939453,16.843730926513672,564136
2022-08-30,17.049999237060547,17.200000762939453,16.899999618530273,17.049999237060547,16.943103790283203,420029
2022-09-01,17.0,17.549999237060547,16.950000762939453,17.299999237060547,17.19153594970703,613897
2022-09-02,17.450000762939453,17.5,17.200000762939453,17.25,17.141849517822266,459710
2022-09-05,17.399999618530273,17.75,17.200000762939453,17.549999237060547,17.43996810913086,821962
2022-09-06,17.799999237060547,19.149999618530273,17.649999618530273,18.5,18.38401222229004,1938227
2022-09-07,18.549999237060547,19.0,18.399999618530273,18.75,18.6324462890625,825015
2022-09-08,18.75,18.899999618530273,18.25,18.450000762939453,18.334327697753906,584825
2022-09-09,18.450000762939453,18.649999618530273,18.049999237060547,18.149999618530273,18.03620719909668,511575
2022-09-12,18.350000381469727,18.850000381469727,18.200000762939453,18.549999237060547,18.433698654174805,493169
2022-09-13,18.649999618530273,18.75,18.399999618530273,18.5,18.38401222229004,411798
2022-09-14,18.25,18.399999618530273,17.799999237060547,18.200000762939453,18.085893630981445,467122
2022-09-15,18.450000762939453,18.450000762939453,18.049999237060547,18.149999618530273,18.03620719909668,488847
2022-09-16,18.299999237060547,18.399999618530273,17.75,17.850000381469727,17.738088607788086,612440
2022-09-19,17.850000381469727,18.049999237060547,17.399999618530273,17.549999237060547,17.43996810913086,435484
2022-09-20,17.700000762939453,18.100000381469727,17.549999237060547,17.899999618530273,17.78777503967285,496052
2022-09-21,18.0,18.850000381469727,17.75,18.100000381469727,17.986520767211914,875265
2022-09-22,18.100000381469727,18.399999618530273,17.899999618530273,18.0,17.887147903442383,425363
2022-09-23,18.25,18.25,17.549999237060547,17.600000381469727,17.489656448364258,477112
2022-09-26,17.450000762939453,17.600000381469727,16.75,17.049999237060547,16.943103790283203,466776
2022-09-27,16.850000381469727,17.299999237060547,16.850000381469727,17.0,16.893417358398438,293993
2022-09-28,16.850000381469727,17.25,16.799999237060547,16.950000762939453,16.843730926513672,283163
2022-09-29,17.149999618530273,17.25,16.75,16.799999237060547,16.694669723510742,266647
2022-09-30,16.700000762939453,17.0,16.700000762939453,16.850000381469727,16.74435806274414,409574
2022-10-03,16.850000381469727,17.299999237060547,16.700000762939453,16.850000381469727,16.74435806274414,323588
2022-10-04,17.100000381469727,17.100000381469727,16.899999618530273,16.950000762939453,16.843730926513672,327681
2022-10-06,17.200000762939453,17.5,17.0,17.299999237060547,17.19153594970703,370021
2022-10-07,17.25,17.5,17.049999237060547,17.299999237060547,17.19153594970703,361010
2022-10-10,17.049999237060547,17.299999237060547,17.0,17.100000381469727,16.99279022216797,333796
2022-10-11,17.25,17.799999237060547,17.100000381469727,17.200000762939453,17.092164993286133,520354
2022-10-12,17.350000381469727,17.600000381469727,17.100000381469727,17.149999618530273,17.042476654052734,293311
2022-10-13,17.25,17.399999618530273,17.049999237060547,17.049999237060547,16.943103790283203,309168
2022-10-14,17.200000762939453,17.299999237060547,17.0,17.049999237060547,16.943103790283203,188254
2022-10-17,17.049999237060547,17.149999618530273,16.799999237060547,16.799999237060547,16.694669723510742,449397
2022-10-18,16.899999618530273,16.950000762939453,16.700000762939453,16.75,16.64498519897461,453307
2022-10-19,16.850000381469727,16.950000762939453,16.649999618530273,16.850000381469727,16.74435806274414,519239
2022-10-20,16.850000381469727,16.899999618530273,16.700000762939453,16.75,16.64498519897461,307908
2022-10-21,16.75,16.950000762939453,16.75,16.899999618530273,16.794044494628906,361052
2022-10-24,17.25,17.25,16.799999237060547,16.950000762939453,16.843730926513672,147964
2022-10-25,17.149999618530273,17.149999618530273,16.799999237060547,16.799999237060547,16.694669723510742,271317
2022-10-27,16.799999237060547,16.899999618530273,16.700000762939453,16.700000762939453,16.595298767089844,276934
2022-10-28,16.799999237060547,16.799999237060547,16.25,16.350000381469727,16.247493743896484,539278
2022-10-31,16.299999237060547,16.649999618530273,16.200000762939453,16.25,16.14811897277832,344273
2022-11-01,16.299999237060547,16.600000381469727,16.200000762939453,16.399999618530273,16.297178268432617,572702
2022-11-02,16.600000381469727,16.950000762939453,16.399999618530273,16.850000381469727,16.74435806274414,458579
2022-11-03,16.850000381469727,17.100000381469727,16.549999237060547,16.799999237060547,16.694669723510742,411189
2022-11-04,16.799999237060547,16.950000762939453,16.649999618530273,16.850000381469727,16.74435806274414,260746
2022-11-07,16.950000762939453,17.350000381469727,16.899999618530273,17.200000762939453,17.092164993286133,565868
2022-11-09,16.899999618530273,16.950000762939453,16.350000381469727,16.450000762939453,16.346866607666016,1093426
2022-11-10,16.450000762939453,16.450000762939453,16.100000381469727,16.149999618530273,16.04874610900879,621300
2022-11-11,16.399999618530273,16.399999618530273,16.0,16.149999618530273,16.04874610900879,624133
2022-11-14,16.25,16.299999237060547,16.100000381469727,16.149999618530273,16.04874610900879,384470
2022-11-15,16.200000762939453,16.399999618530273,16.149999618530273,16.200000762939453,16.098434448242188,284257
2022-11-16,16.200000762939453,16.799999237060547,16.100000381469727,16.299999237060547,16.197805404663086,774976
2022-11-17,16.25,16.700000762939453,16.25,16.399999618530273,16.297178268432617,382862
2022-11-18,16.600000381469727,16.600000381469727,16.100000381469727,16.149999618530273,16.04874610900879,398534
2022-11-21,16.149999618530273,16.25,15.949999809265137,16.0,15.899686813354492,368840
2022-11-22,16.100000381469727,16.100000381469727,15.850000381469727,15.899999618530273,15.800312995910645,315612
2022-11-23,16.0,16.0,15.699999809265137,15.75,15.651254653930664,537948
2022-11-24,15.800000190734863,16.25,15.800000190734863,15.899999618530273,15.800312995910645,547757
2022-11-25,15.899999618530273,16.149999618530273,15.899999618530273,16.049999237060547,15.949372291564941,305845
2022-11-28,16.100000381469727,16.700000762939453,16.100000381469727,16.350000381469727,16.247493743896484,723788
2022-11-29,16.399999618530273,16.649999618530273,16.049999237060547,16.149999618530273,16.04874610900879,455141
2022-11-30,16.5,16.5,16.149999618530273,16.299999237060547,16.197805404663086,267212
2022-12-01,16.5,16.600000381469727,16.299999237060547,16.350000381469727,16.247493743896484,225180
2022-12-02,16.350000381469727,17.399999618530273,16.25,17.100000381469727,16.99279022216797,1337348
2022-12-05,17.5,17.700000762939453,17.0,17.350000381469727,17.241222381591797,711263
2022-12-06,17.299999237060547,17.600000381469727,17.299999237060547,17.399999618530273,17.290908813476562,613290
2022-12-07,17.350000381469727,17.5,17.049999237060547,17.149999618530273,17.042476654052734,341106
2022-12-08,17.25,17.399999618530273,16.899999618530273,17.0,16.893417358398438,283396
2022-12-09,17.0,17.25,16.399999618530273,16.649999618530273,16.545610427856445,488974
2022-12-12,16.700000762939453,17.25,16.549999237060547,17.100000381469727,16.99279022216797,418424
2022-12-13,17.25,17.350000381469727,16.850000381469727,16.950000762939453,16.843730926513672,465825
2022-12-14,17.100000381469727,17.5,16.950000762939453,17.25,17.141849517822266,621818
2022-12-15,17.350000381469727,17.549999237060547,17.100000381469727,17.149999618530273,17.042476654052734,390023
2022-12-16,17.200000762939453,19.399999618530273,17.049999237060547,18.799999237060547,18.682130813598633,7975246
2022-12-19,19.450000762939453,21.299999237060547,19.350000381469727,20.649999618530273,20.520532608032227,9029713
2022-12-20,21.049999237060547,21.200000762939453,19.399999618530273,19.850000381469727,19.725549697875977,3537240
2022-12-21,20.5,21.049999237060547,18.049999237060547,18.350000381469727,18.234952926635742,3193921
2022-12-22,18.600000381469727,20.0,17.399999618530273,17.649999618530273,17.53934097290039,2216193
2022-12-23,17.649999618530273,17.850000381469727,16.399999618530273,16.549999237060547,16.446237564086914,1866754
2022-12-26,16.649999618530273,17.5,16.25,17.350000381469727,17.241222381591797,1096410
2022-12-27,18.350000381469727,18.799999237060547,17.799999237060547,18.399999618530273,18.284639358520508,1618742
2022-12-28,18.5,18.5,17.799999237060547,17.950000762939453,17.837461471557617,867554
2022-12-29,17.799999237060547,19.5,17.600000381469727,18.799999237060547,18.682130813598633,2244532
2022-12-30,18.950000762939453,19.100000381469727,18.600000381469727,18.649999618530273,18.533071517944336,1004469
2023-01-02,18.700000762939453,19.049999237060547,18.600000381469727,18.75,18.6324462890625,667691
2023-01-03,18.700000762939453,19.049999237060547,18.549999237060547,18.600000381469727,18.483386993408203,879102
2023-01-04,18.649999618530273,18.850000381469727,18.0,18.100000381469727,17.986520767211914,803477
2023-01-05,18.100000381469727,18.5,17.899999618530273,18.100000381469727,17.986520767211914,538379
2023-01-06,18.5,18.5,17.649999618530273,17.700000762939453,17.58902931213379,862496
2023-01-09,18.0,18.149999618530273,17.200000762939453,17.350000381469727,17.241222381591797,779534
2023-01-10,17.399999618530273,17.600000381469727,17.200000762939453,17.450000762939453,17.34059715270996,522344
2023-01-11,17.5,18.25,17.149999618530273,17.549999237060547,17.43996810913086,919165
2023-01-12,17.649999618530273,17.75,17.350000381469727,17.399999618530273,17.290908813476562,366658
2023-01-13,17.5,17.649999618530273,17.200000762939453,17.350000381469727,17.241222381591797,420420
2023-01-16,17.399999618530273,17.450000762939453,17.149999618530273,17.200000762939453,17.092164993286133,315156
2023-01-17,17.299999237060547,17.600000381469727,17.049999237060547,17.149999618530273,17.042476654052734,492089
2023-01-18,17.25,17.600000381469727,17.149999618530273,17.350000381469727,17.241222381591797,429313
2023-01-19,17.299999237060547,17.5,17.100000381469727,17.200000762939453,17.092164993286133,433033
2023-01-20,17.299999237060547,17.450000762939453,17.100000381469727,17.149999618530273,17.042476654052734,263364
2023-01-23,17.299999237060547,17.450000762939453,16.950000762939453,17.0,16.893417358398438,356631
2023-01-24,17.0,17.149999618530273,16.850000381469727,16.950000762939453,16.843730926513672,389998
2023-01-25,17.0,17.049999237060547,16.649999618530273,16.75,16.64498519897461,433991
2023-01-27,16.75,17.0,16.0,16.600000381469727,16.495925903320312,648849
2023-01-30,16.5,16.950000762939453,16.0,16.100000381469727,15.99906063079834,625877
2023-01-31,16.200000762939453,16.850000381469727,16.100000381469727,16.75,16.64498519897461,476687
2023-02-01,16.75,17.0,16.25,16.350000381469727,16.247493743896484,552065
2023-02-02,16.299999237060547,16.600000381469727,16.049999237060547,16.200000762939453,16.098434448242188,457326
2023-02-03,16.25,16.299999237060547,15.850000381469727,16.049999237060547,15.949372291564941,399084
2023-02-06,16.0,16.200000762939453,15.949999809265137,16.049999237060547,15.949372291564941,409098
2023-02-07,16.149999618530273,16.649999618530273,16.0,16.149999618530273,16.04874610900879,484404
2023-02-08,16.100000381469727,16.25,16.049999237060547,16.100000381469727,15.99906063079834,406484
2023-02-09,16.149999618530273,16.25,15.899999618530273,16.0,15.899686813354492,406420
2023-02-10,16.25,17.200000762939453,16.25,16.549999237060547,16.446237564086914,1600994
2023-02-13,16.649999618530273,16.799999237060547,15.949999809265137,16.100000381469727,15.99906063079834,794457
2023-02-14,16.149999618530273,16.200000762939453,15.800000190734863,15.949999809265137,15.850000381469727,419731
2023-02-15,15.949999809265137,16.149999618530273,15.800000190734863,16.049999237060547,15.949372291564941,477358
2023-02-16,16.100000381469727,16.25,16.0,16.049999237060547,15.949372291564941,580710
2023-02-17,16.0,16.299999237060547,15.899999618530273,15.949999809265137,15.850000381469727,448061
2023-02-20,16.049999237060547,16.049999237060547,15.850000381469727,15.949999809265137,15.850000381469727,270132
2023-02-21,15.899999618530273,15.949999809265137,15.850000381469727,15.850000381469727,15.850000381469727,200087
2023-02-22,15.850000381469727,15.850000381469727,15.649999618530273,15.699999809265137,15.699999809265137,291194
2023-02-23,15.699999809265137,15.800000190734863,15.600000381469727,15.600000381469727,15.600000381469727,194169
2023-02-24,15.75,16.350000381469727,15.550000190734863,15.75,15.75,316266
2023-02-27,15.800000190734863,15.800000190734863,15.350000381469727,15.399999618530273,15.399999618530273,271842
2023-02-28,15.399999618530273,15.5,15.300000190734863,15.399999618530273,15.399999618530273,267222
2023-03-01,15.449999809265137,15.850000381469727,15.399999618530273,15.600000381469727,15.600000381469727,191012
2023-03-02,15.600000381469727,15.699999809265137,15.399999618530273,15.449999809265137,15.449999809265137,370862
2023-03-03,15.550000190734863,15.649999618530273,15.449999809265137,15.5,15.5,521918
2023-03-06,15.449999809265137,15.800000190734863,15.449999809265137,15.550000190734863,15.550000190734863,626065
2023-03-08,15.550000190734863,17.049999237060547,15.449999809265137,16.649999618530273,16.649999618530273,2643593
2023-03-09,16.75,16.75,16.049999237060547,16.049999237060547,16.049999237060547,869269
2023-03-10,15.949999809265137,16.700000762939453,15.899999618530273,16.200000762939453,16.200000762939453,1340862
2023-03-13,16.25,16.399999618530273,15.649999618530273,15.699999809265137,15.699999809265137,738896
2023-03-14,15.800000190734863,15.850000381469727,15.600000381469727,15.649999618530273,15.649999618530273,363466
2023-03-15,15.75,15.850000381469727,15.550000190734863,15.600000381469727,15.600000381469727,325827
2023-03-16,15.699999809265137,16.25,15.100000381469727,15.199999809265137,15.199999809265137,1071122
2023-03-17,15.25,15.5,15.199999809265137,15.300000190734863,15.300000190734863,280632
2023-03-20,15.300000190734863,15.75,14.949999809265137,15.0,15.0,485275
2023-03-21,15.149999618530273,15.399999618530273,15.0,15.050000190734863,15.050000190734863,294291
2023-03-22,15.199999809265137,15.350000381469727,15.050000190734863,15.050000190734863,15.050000190734863,237791
2023-03-23,15.050000190734863,15.350000381469727,14.899999618530273,14.949999809265137,14.949999809265137,966025
2023-03-24,14.949999809265137,15.0,14.5,14.649999618530273,14.649999618530273,563158
2023-03-27,14.649999618530273,14.699999809265137,13.800000190734863,13.899999618530273,13.899999618530273,798735
2023-03-28,13.850000381469727,14.050000190734863,13.100000381469727,13.300000190734863,13.300000190734863,900737
2023-03-29,13.350000381469727,13.949999809265137,13.25,13.800000190734863,13.800000190734863,715382
2023-03-31,13.850000381469727,15.050000190734863,13.850000381469727,14.449999809265137,14.449999809265137,1155446
2023-04-03,14.550000190734863,15.100000381469727,14.550000190734863,14.850000381469727,14.850000381469727,594283
2023-04-05,15.199999809265137,15.199999809265137,14.850000381469727,14.899999618530273,14.899999618530273,500904
2023-04-06,15.149999618530273,15.649999618530273,15.149999618530273,15.199999809265137,15.199999809265137,921426
2023-04-10,15.399999618530273,15.699999809265137,15.100000381469727,15.25,15.25,372967
2023-04-11,15.399999618530273,15.5,15.25,15.399999618530273,15.399999618530273,574662
2023-04-12,15.600000381469727,15.949999809265137,15.550000190734863,15.800000190734863,15.800000190734863,1065507
2023-04-13,15.850000381469727,15.899999618530273,15.449999809265137,15.5,15.5,482665
2023-04-17,15.550000190734863,15.600000381469727,15.149999618530273,15.300000190734863,15.300000190734863,415359
2023-04-18,15.399999618530273,15.600000381469727,15.300000190734863,15.350000381469727,15.350000381469727,400347
2023-04-19,15.5,15.899999618530273,15.350000381469727,15.75,15.75,492169
2023-04-20,15.899999618530273,16.149999618530273,15.550000190734863,15.600000381469727,15.600000381469727,613410
2023-04-21,15.699999809265137,15.850000381469727,15.399999618530273,15.449999809265137,15.449999809265137,365999
2023-04-24,15.600000381469727,15.699999809265137,15.350000381469727,15.5,15.5,208339
2023-04-25,15.5,16.149999618530273,15.5,15.649999618530273,15.649999618530273,570048
2023-04-26,15.649999618530273,15.850000381469727,15.5,15.649999618530273,15.649999618530273,324895
2023-04-27,15.699999809265137,15.75,15.5,15.600000381469727,15.600000381469727,291726
2023-04-28,15.649999618530273,15.75,15.5,15.600000381469727,15.600000381469727,309221
2023-05-02,15.699999809265137,15.850000381469727,15.600000381469727,15.649999618530273,15.649999618530273,368552
2023-05-03,15.5,16.049999237060547,15.5,15.75,15.75,652104
2023-05-04,15.75,16.5,15.649999618530273,16.100000381469727,16.100000381469727,865130
2023-05-05,16.149999618530273,16.149999618530273,15.75,15.850000381469727,15.850000381469727,300499
2023-05-08,16.0,16.100000381469727,15.699999809265137,15.800000190734863,15.800000190734863,283629
2023-05-09,15.899999618530273,15.949999809265137,15.550000190734863,15.649999618530273,15.649999618530273,396786
2023-05-10,15.600000381469727,16.25,15.600000381469727,15.75,15.75,522167
2023-05-11,15.75,15.899999618530273,15.5,15.600000381469727,15.600000381469727,391607
2023-05-12,15.5,15.699999809265137,15.449999809265137,15.550000190734863,15.550000190734863,267428
2023-05-15,15.449999809265137,15.699999809265137,15.300000190734863,15.399999618530273,15.399999618530273,391198
2023-05-16,15.350000381469727,15.649999618530273,15.350000381469727,15.399999618530273,15.399999618530273,251359
2023-05-17,15.399999618530273,15.600000381469727,15.25,15.300000190734863,15.300000190734863,411350
2023-05-18,15.5,16.100000381469727,15.350000381469727,15.699999809265137,15.699999809265137,695422
2023-05-19,15.649999618530273,18.600000381469727,15.399999618530273,18.049999237060547,18.049999237060547,12987997
2023-05-22,18.049999237060547,18.799999237060547,16.549999237060547,17.75,17.75,6234597
2023-05-23,17.799999237060547,18.149999618530273,17.049999237060547,17.450000762939453,17.450000762939453,3212750
2023-05-24,17.350000381469727,17.799999237060547,17.100000381469727,17.25,17.25,2275469
2023-05-25,17.299999237060547,17.5,17.0,17.399999618530273,17.399999618530273,1456840
2023-05-26,16.200000762939453,18.5,15.75,17.600000381469727,17.600000381469727,8815334
2023-05-29,17.799999237060547,19.200000762939453,17.649999618530273,18.600000381469727,18.600000381469727,6026249
2023-05-30,18.5,19.25,18.450000762939453,18.899999618530273,18.899999618530273,3514324
2023-05-31,18.950000762939453,18.950000762939453,17.899999618530273,18.25,18.25,1865202
2023-06-01,18.350000381469727,18.5,18.049999237060547,18.25,18.25,2164805
2023-06-02,18.299999237060547,18.75,18.200000762939453,18.450000762939453,18.450000762939453,2146365
2023-06-05,18.600000381469727,19.0,18.399999618530273,18.549999237060547,18.549999237060547,2896279
2023-06-06,18.5,18.700000762939453,18.200000762939453,18.299999237060547,18.299999237060547,2336386
2023-06-07,18.299999237060547,19.100000381469727,18.149999618530273,18.25,18.25,4756633
2023-06-08,18.25,18.850000381469727,17.850000381469727,18.0,18.0,2996915
2023-06-09,18.149999618530273,19.149999618530273,18.100000381469727,18.5,18.5,5074828
2023-06-12,18.5,19.149999618530273,18.5,18.649999618530273,18.649999618530273,6078811
2023-06-13,18.75,20.299999237060547,18.700000762939453,19.100000381469727,19.100000381469727,8717949
2023-06-14,19.100000381469727,19.649999618530273,18.799999237060547,19.25,19.25,2588543
2023-06-15,19.100000381469727,19.25,18.549999237060547,18.649999618530273,18.649999618530273,1656531
2023-06-16,18.75,19.0,18.600000381469727,18.799999237060547,18.799999237060547,2056576
2023-06-19,19.049999237060547,19.75,18.950000762939453,19.200000762939453,19.200000762939453,5367263
2023-06-20,19.049999237060547,19.899999618530273,19.049999237060547,19.75,19.75,4604567
2023-06-21,19.899999618530273,21.25,19.149999618530273,20.799999237060547,20.799999237060547,12439714
2023-06-22,21.600000381469727,22.299999237060547,19.700000762939453,20.049999237060547,20.049999237060547,31779933
2023-06-23,19.75,20.850000381469727,18.700000762939453,18.799999237060547,18.799999237060547,27306266
2023-06-26,18.899999618530273,19.299999237060547,16.950000762939453,17.100000381469727,17.100000381469727,19859347
2023-06-27,17.25,17.649999618530273,15.699999809265137,15.949999809265137,15.949999809265137,15540091
2023-06-28,15.949999809265137,15.949999809265137,15.949999809265137,15.949999809265137,15.949999809265137,0
2023-06-30,15.850000381469727,16.399999618530273,15.800000190734863,16.200000762939453,16.200000762939453,4768816
2023-07-03,16.299999237060547,16.700000762939453,16.0,16.5,16.5,4530032
2023-07-04,16.649999618530273,16.649999618530273,15.899999618530273,16.049999237060547,16.049999237060547,4717456
2023-07-05,16.049999237060547,16.450000762939453,15.949999809265137,16.100000381469727,16.100000381469727,3001074
2023-07-06,16.200000762939453,16.450000762939453,16.149999618530273,16.299999237060547,16.299999237060547,2445133
2023-07-07,16.299999237060547,16.5,16.149999618530273,16.299999237060547,16.299999237060547,2428447
2023-07-10,16.450000762939453,16.549999237060547,16.350000381469727,16.399999618530273,16.399999618530273,1953309
2023-07-11,16.5,16.899999618530273,16.350000381469727,16.5,16.5,2027294
2023-07-12,16.549999237060547,16.799999237060547,16.299999237060547,16.399999618530273,16.399999618530273,1437754
2023-07-13,16.5,16.549999237060547,16.100000381469727,16.149999618530273,16.149999618530273,734834
2023-07-14,16.200000762939453,16.399999618530273,16.100000381469727,16.299999237060547,16.299999237060547,737831
2023-07-17,16.350000381469727,16.5,16.25,16.299999237060547,16.299999237060547,870838
2023-07-18,16.350000381469727,16.350000381469727,16.049999237060547,16.200000762939453,16.200000762939453,947366
2023-07-19,16.299999237060547,16.350000381469727,16.100000381469727,16.149999618530273,16.149999618530273,419678
2023-07-20,16.200000762939453,16.850000381469727,16.100000381469727,16.25,16.25,3760515
2023-07-21,16.200000762939453,16.549999237060547,16.149999618530273,16.399999618530273,16.399999618530273,1307837
2023-07-24,16.399999618530273,16.899999618530273,16.399999618530273,16.700000762939453,16.700000762939453,2638569
2023-07-25,16.799999237060547,16.799999237060547,16.399999618530273,16.5,16.5,769125
2023-07-26,16.5,16.600000381469727,16.299999237060547,16.350000381469727,16.350000381469727,875562
2023-07-27,16.350000381469727,16.5,16.200000762939453,16.25,16.25,692033
2023-07-28,16.299999237060547,16.350000381469727,16.100000381469727,16.149999618530273,16.149999618530273,731466
2023-07-31,16.200000762939453,16.5,16.200000762939453,16.200000762939453,16.200000762939453,657533
2023-08-01,16.299999237060547,16.399999618530273,16.100000381469727,16.200000762939453,16.200000762939453,622277
2023-08-02,16.200000762939453,16.399999618530273,15.850000381469727,16.0,16.0,1445993
2023-08-03,16.0,16.200000762939453,15.949999809265137,16.049999237060547,16.049999237060547,562021
2023-08-04,16.100000381469727,16.350000381469727,16.049999237060547,16.100000381469727,16.100000381469727,720338
2023-08-07,16.200000762939453,16.399999618530273,16.200000762939453,16.25,16.25,865627
2023-08-08,16.350000381469727,16.350000381469727,16.049999237060547,16.149999618530273,16.149999618530273,662122
